/m/0226cw	0	1	0	0	1	
/m/01l7qw	1	0	1	0	0	
/m/016srn	1	0	0	0	0	
/m/015n8	0	0	1	0	0	
/m/01kwld	0	0	1	0	0	
/m/06qn87	1	0	0	0	0	
/m/030tj5	0	0	1	0	0	
/m/03g62	0	0	1	0	0	
/m/0bkf4	1	0	0	0	0	
/m/059m45	0	0	1	0	0	
/m/0dl567	1	0	1	0	0	
/m/03bdm4	0	0	1	0	0	
/m/05bnp0	0	0	1	0	0	
/m/0bvzp	1	0	0	0	0	
/m/01vng3b	1	0	1	0	0	
/m/05gpy	0	0	1	0	0	
/m/021mlp	1	0	1	0	0	
/m/0p7h7	1	0	0	0	0	
/m/02mjmr	0	1	1	0	1	
/m/042rnl	1	0	1	0	0	
/m/015bwt	1	0	0	0	0	
/m/018d6l	1	0	1	0	0	
/m/026n3rs	0	0	1	0	0	
/m/02ndbd	0	0	1	0	0	
/m/0bjkpt	1	0	1	0	0	
/m/01wd9vs	1	0	1	0	0	
/m/0d608	1	0	1	0	0	
/m/01p47r	1	0	1	0	0	
/m/037w7r	1	0	0	0	0	
/m/014zcr	0	0	1	0	0	
/m/01438g	1	0	0	0	0	
/m/0bqch	1	0	1	0	0	
/m/01svw8n	1	0	0	0	0	
/m/03bx0bm	1	0	0	0	0	
/m/02gnlz	1	0	1	0	0	
/m/084m3	1	0	1	0	0	
/m/01vvzb1	1	0	0	0	0	
/m/020_4z	1	0	0	0	0	
/m/0jbp0	0	0	1	0	1	
/m/053y4h	1	0	1	0	0	
/m/04sry	0	0	1	0	0	
/m/01zfmm	1	0	1	0	0	
/m/0kn4c	0	1	0	0	1	
/m/03f4k	1	0	0	0	0	
/m/01wd9lv	1	0	1	0	0	
/m/02hhtj	0	0	1	0	0	
/m/03q95r	0	0	1	0	0	
/m/01hkck	1	0	0	0	0	
/m/0405l	1	0	1	0	0	
/m/01l9v7n	1	0	0	0	0	
/m/02ln1	0	0	1	1	0	
/m/01vv6xv	1	0	0	0	0	
/m/01x2tm8	1	0	1	0	0	
/m/05_pkf	1	0	0	0	0	
/m/0151w_	0	0	1	0	0	
/m/01vyv9	0	0	1	0	0	
/m/01vrkdt	1	0	1	0	0	
/m/05y5fw	0	0	1	0	0	
/m/01nczg	1	0	1	0	0	
/m/0456xp	1	0	0	0	0	
/m/0b78hw	0	0	1	1	1	
/m/01rmnp	1	0	0	0	0	
/m/01dw_f	1	0	0	0	0	
/m/01p0w_	1	0	0	1	0	
/m/026fd	0	0	1	0	0	
/m/014q2g	1	0	1	0	0	
/m/053y0s	1	0	0	0	0	
/m/045zr	1	0	1	0	0	
/m/02lfwp	0	0	1	0	0	
/m/01x4r3	0	0	1	0	1	
/m/0652ty	1	0	1	0	0	
/m/0m76b	0	0	1	0	0	
/m/050z2	1	0	0	0	0	
/m/01qz69r	1	0	0	0	0	
/m/02lgj6	0	0	0	1	0	
/m/01vv7sc	1	0	0	0	0	
/m/02qx69	1	0	0	0	0	
/m/01lcxbb	1	0	0	0	0	
/m/07zhd7	1	0	0	0	0	
/m/01n5309	1	0	1	0	0	
/m/0151zx	1	0	0	0	0	
/m/01wyzyl	1	0	1	0	0	
/m/03d6q	1	0	0	0	1	
/m/016tb7	0	0	1	0	0	
/m/027l0b	0	0	1	0	0	
/m/034rd	0	1	1	0	1	
/m/03wpmd	0	0	1	0	0	
/m/03_lf	0	1	1	0	1	
/m/02_fj	1	0	0	0	0	
/m/04xm_	0	0	1	1	1	
/m/013sg6	0	0	1	0	0	
/m/0d9_96	0	0	1	0	0	
/m/05zjx	0	0	1	0	0	
/m/04pf4r	1	0	0	0	0	
/m/01gkgk	0	0	0	0	1	
/m/01zg98	1	0	0	0	0	
/m/0dz46	0	0	1	0	0	
/m/012bk	0	1	0	0	1	
/m/09hd6f	0	0	1	0	0	
/m/01w272y	1	0	1	0	0	
/m/01wrcxr	1	0	0	0	0	
/m/0h584v	0	0	1	0	0	
/m/01dw4q	0	0	1	0	0	
/m/05728w1	1	0	0	0	0	
/m/02whj	1	0	0	0	0	
/m/05crg7	1	0	0	0	0	
/m/02bgmr	1	0	0	0	0	
/m/03b0q4	1	0	0	0	0	
/m/044mfr	1	0	0	0	0	
/m/01wmcbg	1	0	1	0	0	
/m/0j6cj	1	0	0	0	0	
/m/0399p	0	0	1	0	0	
/m/01trf3	0	0	1	0	0	
/m/04wp2p	0	0	1	0	0	
/m/01fs_4	1	0	0	0	0	
/m/013bd1	1	0	0	0	0	
/m/041xl	0	0	1	0	0	
/m/03kwtb	1	0	0	0	0	
/m/0144l1	1	0	0	0	0	
/m/059xnf	0	0	1	0	0	
/m/05f0r8	0	0	1	0	0	
/m/06bzwt	1	0	0	0	0	
/m/02773nt	0	0	1	0	0	
/m/03gr7w	1	0	1	0	0	
/m/02f8lw	0	0	1	0	0	
/m/01jrvr6	1	0	1	0	0	
/m/019fz	1	1	1	1	1	
/m/01wbg84	0	0	1	0	0	
/m/0c4f4	0	0	1	0	0	
/m/0343h	1	0	1	0	0	
/m/01304j	1	0	0	0	0	
/m/0pgjm	1	0	1	0	0	
/m/0g28b1	0	0	1	0	0	
/m/01tdnyh	0	0	1	1	0	
/m/0hqly	1	0	0	0	0	
/m/01wf86y	1	0	0	0	0	
/m/063g7l	1	0	0	0	0	
/m/01j5sd	0	0	1	0	0	
/m/0677ng	1	0	0	0	0	
/m/07qy0b	1	0	0	0	0	
/m/01csvq	1	0	1	0	0	
/m/03wd5tk	0	0	1	0	0	
/m/0czkbt	1	0	0	0	1	
/m/03qd_	1	0	1	0	0	
/m/012ykt	1	1	0	0	0	
/m/016wvy	1	0	0	0	0	
/m/03j0br4	1	0	0	0	0	
/m/03h_fk5	1	0	1	0	0	
/m/02645b	0	0	1	0	0	
/m/01wk7b7	1	0	0	0	0	
/m/0168dy	1	0	0	0	0	
/m/01w3lzq	1	0	0	0	0	
/m/01jqr_5	1	0	1	0	1	
/m/05strv	0	0	1	0	0	
/m/02lj6p	1	0	0	0	0	
/m/0133x7	1	0	1	0	0	
/m/0840vq	1	0	0	0	0	
/m/032qgs	1	0	1	0	0	
/m/0lcx	0	0	1	0	0	
/m/0q9zc	0	0	1	0	0	
/m/01x6v6	1	0	0	0	0	
/m/02p5hf	1	0	1	0	0	
/m/01kymm	1	0	0	0	0	
/m/016sqs	1	0	0	0	0	
/m/0jcx	0	0	1	1	1	
/m/02t0n9	1	0	1	0	0	
/m/0136p1	1	0	0	0	0	
/m/06tp4h	1	0	0	0	0	
/m/03cdg	1	0	1	0	1	
/m/0bzyh	0	0	1	0	0	
/m/01wdcxk	1	0	1	0	0	
/m/03rl84	1	0	1	0	0	
/m/01l1b90	1	0	0	0	0	
/m/01q6bg	0	0	1	0	0	
/m/01j5sv	0	0	1	0	0	
/m/03qcq	0	0	1	0	0	
/m/0hcvy	0	0	1	0	0	
/m/02l4pj	0	0	1	0	0	
/m/05jjl	0	0	1	0	0	
/m/04nw9	1	0	0	0	1	
/m/0f8pz	1	0	0	0	1	
/m/06hx2	0	1	1	0	1	
/m/0284gcb	0	0	1	0	0	
/m/02qnbs	1	0	1	0	0	
/m/04r68	0	0	1	0	0	
/m/04xhwn	0	0	1	0	0	
/m/017l4	1	0	0	0	0	
/m/07nznf	0	0	1	0	0	
/m/01vrnsk	1	0	1	0	0	
/m/0bgrsl	0	0	1	0	0	
/m/0137n0	1	0	1	0	0	
/m/01my_c	1	0	0	0	0	
/m/04z0g	0	0	1	1	0	
/m/026g801	0	0	1	0	0	
/m/06brp0	0	0	1	0	0	
/m/016ks_	0	0	1	0	0	
/m/04gnbv1	0	0	1	0	0	
/m/02rk45	1	0	1	0	0	
/m/01r4bps	1	0	1	0	0	
/m/0274ck	1	0	0	0	0	
/m/01mxqyk	1	0	0	0	0	
/m/01nr63	1	0	0	0	0	
/m/01pbxb	1	0	0	0	0	
/m/015cxv	1	0	0	0	0	
/m/01385g	0	0	1	0	0	
/m/014y6	1	0	0	0	0	
/m/04xn2m	0	0	1	0	0	
/m/058kqy	1	0	1	0	0	
/m/01v6480	1	0	0	0	0	
/m/0py5b	0	0	1	0	0	
/m/03crmd	1	0	0	0	0	
/m/01w20rx	1	0	0	0	0	
/m/01mvth	1	0	0	0	0	
/m/05b1062	0	0	1	0	0	
/m/01r7pq	1	0	0	0	0	
/m/07_3qd	1	0	1	0	0	
/m/04rvy8	1	0	1	0	0	
/m/042ly5	1	0	0	0	0	
/m/03hy3g	0	0	1	0	0	
/m/05sq0m	1	0	0	0	0	
/m/01vzz1c	1	0	0	0	0	
/m/03y82t6	1	0	1	0	0	
/m/044bn	0	0	1	0	0	
/m/0d05fv	0	1	1	0	1	
/m/01d494	0	0	1	1	0	
/m/042kg	0	1	1	0	1	
/m/0170vn	0	0	1	0	0	
/m/05f7snc	0	0	1	0	0	
/m/01p95y0	1	0	0	0	0	
/m/01mt1fy	1	0	0	0	0	
/m/03y_46	0	0	1	0	0	
/m/0683n	0	0	1	0	0	
/m/0m9v7	1	0	0	0	0	
/m/0jnb0	1	0	1	0	0	
/m/01ggc9	0	0	1	0	0	
/m/07m77x	1	0	1	0	0	
/m/026yqrr	1	0	0	0	0	
/m/0161c2	1	0	1	0	0	
/m/0dqcm	1	0	0	0	0	
/m/049gc	0	0	1	0	1	
/m/01n7qlf	1	0	0	0	0	
/m/0fvf9q	0	0	1	0	0	
/m/0kvnn	1	0	1	0	0	
/m/036px	1	0	0	0	0	
/m/0l6px	0	0	1	0	0	
/m/01r0t_j	1	0	0	0	0	
/m/017c87	0	0	1	0	0	
/m/046_v	1	0	1	0	0	
/m/01vvyc_	1	0	1	0	0	
/m/01n4f8	0	0	1	0	1	
/m/0cqh57	1	0	0	0	0	
/m/062dn7	1	0	0	0	0	
/m/01mbwlb	1	0	1	0	0	
/m/02jr26	1	0	0	0	0	
/m/01mr2g6	1	0	0	1	0	
/m/099p5	0	0	1	1	0	
/m/0p17j	0	0	1	0	0	
/m/0627sn	1	0	1	0	0	
/m/01l1rw	1	0	0	0	0	
/m/01_x6v	1	0	1	0	0	
/m/08d6bd	0	1	0	0	1	
/m/0kbn5	1	0	1	0	0	
/m/08x5c_	1	0	0	0	0	
/m/02_2v2	0	0	1	0	0	
/m/03ysmg	0	0	1	0	0	
/m/01nkxvx	1	0	0	0	0	
/m/028rk	0	1	0	0	1	
/m/0fwy0h	0	0	1	0	0	
/m/01kd57	1	0	0	0	0	
/m/0fpj9pm	1	0	0	0	0	
/m/01t_wfl	0	0	1	0	0	
/m/01vz0g4	1	0	1	0	0	
/m/0m_31	1	0	0	0	0	
/m/01w724	1	0	0	0	0	
/m/03xl77	1	0	0	0	0	
/m/03cs_xw	0	0	1	0	0	
/m/041mt	1	0	1	0	0	
/m/023322	1	0	0	0	0	
/m/03f0vvr	1	0	0	0	0	
/m/01wlt3k	1	0	1	0	0	
/m/015f7	1	0	0	0	0	
/m/01m5m5b	1	0	0	0	0	
/m/070b4	1	0	0	0	0	
/m/03f1zdw	1	0	1	0	0	
/m/0f_zkz	1	0	0	0	0	
/m/01xcqc	0	0	1	0	0	
/m/01w60_p	1	0	0	0	0	
/m/02mx98	1	0	0	0	0	
/m/011zd3	1	0	0	0	0	
/m/0522wp	0	0	1	0	0	
/m/06z9yh	0	0	1	0	0	
/m/020x5r	0	0	1	0	0	
/m/02h1rt	1	0	0	0	0	
/m/028knk	1	0	1	0	0	
/m/0l_dv	0	0	1	0	0	
/m/04jb97	1	0	0	0	0	
/m/081lh	1	0	1	0	0	
/m/01dw9z	1	0	0	0	0	
/m/0blbxk	1	0	0	0	0	
/m/09bx1k	1	0	0	0	0	
/m/0306ds	0	0	1	0	0	
/m/02qy3py	0	0	0	0	1	
/m/01t94_1	1	0	1	0	0	
/m/01wg3q	1	0	0	0	0	
/m/0c1pj	0	0	1	0	0	
/m/0fxky3	0	0	1	0	0	
/m/01_ztw	1	0	0	0	0	
/m/0170s4	1	0	1	0	0	
/m/042fk	0	1	1	0	1	
/m/03h610	1	0	0	0	0	
/m/098sx	0	0	1	0	0	
/m/06bng	1	0	1	0	0	
/m/01qdjm	1	0	0	0	0	
/m/06t61y	0	0	1	0	0	
/m/089kpp	1	0	0	0	0	
/m/0d1_f	0	0	0	0	1	
/m/01pjr7	0	0	1	0	0	
/m/03j1p2n	1	0	0	0	0	
/m/0dvmd	0	0	1	0	0	
/m/06czyr	1	0	0	0	0	
/m/01wyy_	0	0	1	0	0	
/m/044mrh	1	0	0	0	0	
/m/013rds	1	0	0	0	0	
/m/03vpf_	1	0	0	0	0	
/m/059j1m	1	0	1	0	0	
/m/059gkk	0	0	1	0	0	
/m/02rgz4	1	0	0	0	0	
/m/0pj8m	1	0	0	0	0	
/m/01k56k	1	0	1	0	0	
/m/01qscs	0	0	1	0	0	
/m/0m66w	1	0	0	0	0	
/m/049dyj	0	0	1	0	0	
/m/0kftt	1	0	1	0	0	
/m/016ggh	1	0	1	0	0	
/m/0gjvqm	0	0	1	0	0	
/m/01ts_3	0	0	1	0	0	
/m/03c6v3	0	0	1	0	0	
/m/0dx_q	0	0	1	0	0	
/m/02qwg	1	0	1	0	0	
/m/05jcn8	1	0	1	0	0	
/m/075npt	0	0	1	0	0	
/m/04h6mm	0	0	1	0	0	
/m/0gd_b_	0	0	1	0	0	
/m/01fwpt	0	0	1	0	0	
/m/02gn9g	1	0	1	0	0	
/m/012x2b	0	0	1	0	0	
/m/0113sg	0	0	1	0	0	
/m/031zkw	0	0	1	0	0	
/m/05bnq3j	0	0	1	0	0	
/m/01w7nww	1	0	1	0	0	
/m/0407f	1	0	0	0	0	
/m/05wh0sh	0	1	1	1	1	
/m/031k24	1	0	0	0	0	
/m/067pl7	1	0	1	0	0	
/m/0cj2w	1	0	0	0	0	
/m/05w6cw	1	0	1	0	0	
/m/0mdqp	0	0	1	0	0	
/m/016kb7	1	0	1	0	0	
/m/07cn2c	0	0	1	0	0	
/m/01_6dw	0	0	1	0	0	
/m/01r216	0	0	1	0	0	
/m/05kh_	0	0	1	0	0	
/m/09l3p	1	0	0	0	0	
/m/0mfc0	0	0	1	0	0	
/m/01w9k25	1	0	0	0	0	
/m/02pzc4	1	0	0	0	0	
/m/016h9b	1	0	0	0	0	
/m/0bdlj	1	0	1	0	0	
/m/082_p	0	0	1	0	0	
/m/03f5vvx	0	1	1	1	1	
/m/0451j	1	0	0	0	0	
/m/01vvpjj	1	0	1	0	0	
/m/01ttg5	1	0	1	0	0	
/m/045g4l	1	0	1	0	0	
/m/05m7zg	0	0	1	0	1	
/m/07_m2	1	0	0	0	0	
/m/026670	1	0	1	0	0	
/m/0kzy0	1	0	0	0	0	
/m/0d_w7	1	0	0	0	0	
/m/058vp	0	0	1	0	0	
/m/01h320	0	0	1	0	0	
/m/04qvl7	1	0	0	0	0	
/m/018009	0	0	1	0	0	
/m/07mb57	1	0	0	0	0	
/m/014z8v	1	0	1	0	0	
/m/03lq43	0	0	1	0	0	
/m/01qrbf	1	0	0	0	0	
/m/05gc0h	0	0	1	0	0	
/m/0blgl	1	0	1	0	0	
/m/09xx0m	0	0	1	0	0	
/m/06m61	1	0	1	0	0	
/m/08xz51	1	0	0	0	0	
/m/081hvm	1	0	0	0	0	
/m/01tv3x2	1	0	0	0	0	
/m/01vh3r	1	0	1	0	0	
/m/01hmk9	1	0	1	0	0	
/m/044kwr	1	0	0	0	0	
/m/04zkj5	1	0	1	0	0	
/m/0427y	1	0	1	0	0	
/m/024qwq	1	0	0	0	0	
/m/05k2s_	1	0	1	0	0	
/m/02fgpf	1	0	0	0	0	
/m/04glr5h	0	0	1	0	0	
/m/0qf11	1	0	1	0	0	
/m/0bqvs2	1	0	0	0	0	
/m/06h7l7	1	0	1	0	0	
/m/0zjpz	1	0	0	0	0	
/m/016t00	1	0	0	0	0	
/m/03pvt	0	0	1	0	0	
/m/0mdyn	1	0	0	0	0	
/m/0bs1g5r	1	0	1	0	0	
/m/03c602	1	0	1	0	0	
/m/01q415	0	0	1	0	0	
/m/0sw6y	1	0	0	0	0	
/m/018ygt	0	0	1	0	0	
/m/048lv	0	0	1	0	0	
/m/05q9g1	0	0	1	0	0	
/m/036qs_	0	0	1	0	0	
/m/0jmj	1	0	1	0	0	
/m/0d4fqn	0	0	1	0	0	
/m/033db3	0	0	1	0	0	
/m/01k98nm	1	0	0	0	0	
/m/06h2w	1	0	0	0	0	
/m/065jlv	0	0	1	0	0	
/m/04hxyv	0	0	1	0	0	
/m/082xp	1	1	1	0	1	
/m/0382m4	0	0	1	0	0	
/m/04mby	0	0	1	0	0	
/m/02r6c_	0	0	1	0	0	
/m/02pbrn	1	0	0	0	0	
/m/0btpx	1	0	0	0	0	
/m/0kb3n	0	0	1	0	0	
/m/081l_	1	0	1	0	0	
/m/0167km	1	0	1	0	0	
/m/07lwsz	0	0	1	0	0	
/m/047c9l	1	0	0	0	0	
/m/05d1dy	0	0	1	0	0	
/m/098n_m	1	0	1	0	0	
/m/0h10vt	1	0	1	0	0	
/m/032nwy	1	0	0	0	0	
/m/054_mz	0	0	1	0	0	
/m/01ynzf	0	0	1	0	0	
/m/05g7q	0	1	1	0	1	
/m/02m501	0	0	1	0	0	
/m/01pg1d	0	0	1	0	0	
/m/01s7zw	0	0	1	0	0	
/m/01l3mk3	1	0	0	0	0	
/m/0lgm5	1	0	0	0	0	
/m/0q5hw	0	0	1	0	0	
/m/0m77m	0	0	1	0	0	
/m/01vw_dv	1	0	0	0	0	
/m/0c921	0	0	1	0	0	
/m/065ydwb	1	0	0	0	0	
/m/0g9zcgx	1	0	0	0	0	
/m/08_hns	0	1	0	0	1	
/m/07f7jp	1	0	1	0	0	
/m/06lbp	0	0	1	0	0	
/m/07t3x8	0	1	0	0	1	
/m/01k9lpl	1	0	1	0	0	
/m/05np2	1	0	1	0	1	
/m/0277c3	1	0	0	0	0	
/m/02q4mt	0	0	1	0	0	
/m/0dzf_	1	0	0	0	0	
/m/0fp_v1x	1	0	0	0	0	
/m/0c1fs	1	0	1	0	0	
/m/0565cz	1	0	0	0	0	
/m/01xdf5	1	0	1	0	1	
/m/039bp	0	0	1	0	0	
/m/034ls	1	1	1	0	1	
/m/01k7d9	1	0	0	0	0	
/m/03_fk9	1	0	0	0	0	
/m/0hsn_	1	0	1	0	0	
/m/016vqk	1	0	1	0	0	
/m/044n3h	1	0	0	0	0	
/m/0qdyf	1	0	0	0	0	
/m/0k29f	1	0	1	0	0	
/m/082brv	1	0	0	0	0	
/m/032nl2	1	0	0	0	0	
/m/03hmr_	1	0	1	0	0	
/m/05ccxr	1	0	0	0	0	
/m/0jw67	0	0	1	0	1	
/m/06m6p7	0	0	1	0	0	
/m/02z4b_8	1	0	1	0	0	
/m/0b1q7c	1	0	0	0	0	
/m/0265v21	0	0	1	0	0	
/m/04v7kt	1	0	0	0	0	
/m/06dl_	0	0	1	0	0	
/m/0kbg6	1	0	1	0	0	
/m/01jgkj2	1	0	0	0	0	
/m/085pr	0	0	1	0	0	
/m/01p1z_	0	0	1	0	0	
/m/02v60l	0	0	1	0	0	
/m/012vby	1	0	1	0	0	
/m/012wg	1	0	1	0	0	
/m/01tp5bj	1	0	0	0	1	
/m/0b_dh	0	0	1	0	0	
/m/045w_4	0	0	1	0	0	
/m/06kxk2	0	0	1	0	0	
/m/0gt_k	1	0	0	0	0	
/m/04f9r2	1	0	0	0	0	
/m/03b78r	0	0	1	0	0	
/m/01x_d8	1	0	0	0	0	
/m/0pcc0	1	0	0	0	0	
/m/01vzxld	1	0	0	0	0	
/m/021yw7	1	0	1	0	0	
/m/037hgm	1	0	0	0	0	
/m/0c_drn	1	0	0	0	0	
/m/01gp_x	0	0	1	0	0	
/m/018qpb	1	0	0	0	0	
/m/038b_x	0	0	0	0	1	
/m/02p8v8	0	1	0	1	1	
/m/0ngg	0	0	0	0	1	
/m/03nyts	1	0	1	0	0	
/m/072vj	0	0	1	0	0	
/m/023s8	0	0	1	0	0	
/m/02p59ry	1	0	0	0	0	
/m/02wh0	1	0	1	1	0	
/m/09r9m7	1	0	0	0	0	
/m/01vrt_c	1	0	1	0	0	
/m/032r1	0	0	1	1	0	
/m/0bxy67	1	0	0	0	0	
/m/06dkzt	0	0	1	0	0	
/m/04jwp	0	0	1	0	1	
/m/02pt7h_	1	0	0	0	0	
/m/01mqz0	0	0	1	0	0	
/m/0241jw	0	0	1	0	0	
/m/05gp3x	0	0	1	0	0	
/m/01vv6_6	1	0	1	0	0	
/m/030xr_	0	0	1	0	0	
/m/064nh4k	1	0	0	0	0	
/m/07z4fy	1	0	0	0	0	
/m/0dj5q	1	1	1	0	1	
/m/0b7gxq	0	0	1	0	0	
/m/016dmx	0	0	1	1	0	
/m/01m4kpp	1	0	1	0	0	
/m/07lp1	0	0	1	0	0	
/m/01ldw4	1	0	0	0	0	
/m/01tl50z	1	0	0	0	0	
/m/03r1pr	1	0	0	0	0	
/m/01t9qj_	1	0	0	0	0	
/m/0dw6b	0	0	1	0	0	
/m/041rhq	0	0	1	0	0	
/m/02vcp0	1	0	0	0	0	
/m/0bn8fw	0	0	1	0	0	
/m/03c7ln	1	0	1	0	0	
/m/0342vg	1	0	0	0	0	
/m/057176	0	0	1	0	0	
/m/01x53m	0	0	1	0	0	
/m/09qh1	1	0	1	0	0	
/m/0g8st4	0	0	1	0	0	
/m/0jfx1	1	0	1	0	0	
/m/02wgln	0	0	1	0	0	
/m/0mj1l	1	0	0	0	0	
/m/026l37	0	0	1	0	0	
/m/02nfjp	1	0	1	0	0	
/m/024t0y	0	0	1	0	0	
/m/0ck91	0	0	1	0	0	
/m/0cbgl	0	0	1	0	0	
/m/012ycy	1	0	0	0	0	
/m/03f0324	0	0	1	0	1	
/m/05218gr	1	0	0	0	0	
/m/0249kn	1	0	0	0	0	
/m/065mm1	1	0	0	0	0	
/m/04511f	0	0	1	0	0	
/m/012gq6	1	0	0	0	0	
/m/06l6nj	0	0	1	0	0	
/m/0csdzz	1	0	0	0	0	
/m/016k62	1	0	0	0	0	
/m/0157m	1	1	1	0	1	
/m/0347db	1	0	1	0	0	
/m/01g5kv	1	0	1	0	0	
/m/03f0r5w	0	0	1	0	0	
/m/04wg38	0	0	1	0	0	
/m/01ft2l	1	0	1	0	0	
/m/04s9n	0	0	0	0	1	
/m/07glc4	1	0	0	0	0	
/m/027hm_	1	0	0	0	0	
/m/05vsxz	0	0	1	0	0	
/m/02lfns	1	0	0	0	0	
/m/02xyl	0	0	1	0	0	
/m/022q4l9	1	0	0	0	0	
/m/03m6_z	1	0	1	0	0	
/m/08cn4_	0	0	1	0	0	
/m/01qkqwg	1	0	0	0	0	
/m/02pt6k_	0	0	1	0	0	
/m/01pnn3	1	0	0	0	0	
/m/0p_47	1	0	1	0	0	
/m/02xgdv	0	0	0	0	1	
/m/017mbb	1	0	0	0	0	
/m/06j8wx	0	0	1	0	0	
/m/01364q	1	0	0	0	0	
/m/012ljv	1	0	0	0	0	
/m/02ryx0	1	0	0	0	0	
/m/04107	0	0	1	0	0	
/m/02qtywd	1	0	0	0	0	
/m/046qq	0	0	1	0	0	
/m/011w20	1	0	1	0	0	
/m/01ky2h	1	0	0	0	0	
/m/09cr8	1	0	1	0	0	
/m/01vtmw6	1	0	1	0	0	
/m/0bqs56	1	0	1	0	0	
/m/0161sp	1	0	0	0	0	
/m/03pp73	1	0	1	0	0	
/m/0bmh4	1	0	1	0	0	
/m/011_3s	1	0	1	0	0	
/m/016sp_	1	0	1	0	0	
/m/0xsk8	1	0	0	0	0	
/m/0140t7	1	0	1	0	0	
/m/09zw90	0	0	1	1	0	
/m/01cwhp	1	0	0	0	0	
/m/0c8hct	0	0	1	0	0	
/m/03kdl	0	1	1	1	1	
/m/0ldd	0	0	1	1	0	
/m/0bk5r	1	0	1	1	0	
/m/016zp5	0	0	1	0	0	
/m/015njf	1	0	1	0	0	
/m/03d0ns	1	0	1	0	0	
/m/01x0yrt	1	0	0	0	0	
/m/02t_8z	0	0	1	0	0	
/m/09v6tz	0	0	1	0	0	
/m/03_6y	1	0	1	0	0	
/m/01kb2j	0	0	1	0	0	
/m/01q_wyj	1	0	0	0	0	
/m/05fnl9	0	0	1	0	0	
/m/016z1c	0	0	1	0	0	
/m/03yrkt	1	0	0	0	0	
/m/0jlv5	1	0	0	0	0	
/m/02j3d4	1	0	0	0	0	
/m/01w9ph_	1	0	1	0	0	
/m/03hnd	0	0	1	0	1	
/m/02mv9b	0	0	1	0	0	
/m/013zs9	1	0	1	0	0	
/m/011lvx	1	0	1	0	0	
/m/0cv9fc	0	0	1	0	0	
/m/0f0kz	1	0	1	0	0	
/m/01d4cb	1	0	1	0	0	
/m/023w9s	0	0	1	0	0	
/m/01kgxf	1	0	1	0	0	
/m/01svq8	1	0	1	0	0	
/m/01mwsnc	1	0	0	0	0	
/m/02sj1x	1	0	1	0	0	
/m/02qlkc3	0	0	1	0	0	
/m/09b0xs	1	0	1	0	0	
/m/01vsnff	1	0	0	0	0	
/m/01vttb9	1	0	1	0	0	
/m/039wsf	0	0	1	0	0	
/m/013tjc	1	0	0	0	0	
/m/02qvhbb	0	0	1	0	0	
/m/01sl1q	0	0	1	0	0	
/m/0p_pd	0	0	1	0	0	
/m/01vl17	1	0	1	0	0	
/m/0b_4z	1	0	1	0	0	
/m/05mcjs	0	1	1	0	1	
/m/054fvj	0	0	1	0	0	
/m/05qw5	1	0	1	0	0	
/m/02wyc0	1	0	0	0	0	
/m/023jq1	0	0	1	0	0	
/m/048_p	0	0	1	0	1	
/m/0c_mvb	1	0	1	0	0	
/m/04pp9s	1	0	0	0	0	
/m/02dh86	0	0	1	0	0	
/m/01gg59	1	0	0	0	0	
/m/059xvg	0	0	1	0	0	
/m/02q6cv4	0	0	1	0	0	
/m/03ft8	0	0	1	0	0	
/m/070w7s	0	0	1	0	0	
/m/0c9xjl	0	0	1	0	0	
/m/09qr6	1	0	0	0	0	
/m/06y9c2	1	0	1	0	0	
/m/03yk8z	0	0	1	0	0	
/m/024dgj	1	0	0	0	0	
/m/06nz46	1	0	0	0	0	
/m/01pny5	1	0	0	0	0	
/m/03f1d47	1	0	1	0	0	
/m/0b478	1	0	1	0	0	
/m/03f47xl	1	0	1	1	0	
/m/0362q0	0	0	1	0	0	
/m/0770cd	1	0	0	0	0	
/m/0phx4	1	0	0	0	0	
/m/06b_0	1	0	1	0	0	
/m/07h07	0	0	1	0	0	
/m/01wkmgb	1	0	0	0	0	
/m/0m32_	0	0	1	0	0	
/m/06mr6	0	0	1	0	1	
/m/0p3sf	1	0	1	0	0	
/m/01wp8w7	1	0	1	0	0	
/m/01_k0d	1	0	1	0	0	
/m/01d0fp	1	0	0	0	0	
/m/01wxdn3	1	0	0	0	0	
/m/01k31p	0	1	0	0	1	
/m/03j2gxx	1	0	1	1	0	
/m/04n2vgk	1	0	0	0	0	
/m/02_0d2	1	0	1	0	0	
/m/03bw6	1	0	0	0	0	
/m/02p4pt3	0	0	0	0	1	
/m/01n9d9	0	0	1	0	0	
/m/079dy	0	1	1	0	1	
/m/01d_4t	0	0	1	0	0	
/m/02lmk	0	0	1	0	0	
/m/02lnhv	1	0	0	0	0	
/m/046m59	1	0	0	0	0	
/m/01d5vk	1	0	0	0	0	
/m/0219q	0	0	1	0	0	
/m/02qjj7	0	0	1	0	0	
/m/03f1r6t	1	0	1	0	0	
/m/0hwqg	0	0	1	0	0	
/m/015gw6	0	0	1	0	0	
/m/015gsv	1	0	1	0	0	
/m/0f2df	1	0	0	0	0	
/m/02dbp7	1	0	0	0	0	
/m/01wvxw1	1	0	0	0	0	
/m/04wvhz	0	0	1	0	0	
/m/0j0pf	0	0	1	0	0	
/m/01k_n63	1	0	0	0	0	
/m/0794g	0	0	1	0	0	
/m/0c7lcx	0	0	1	0	0	
/m/0knjh	1	0	1	0	0	
/m/02wwwv5	1	0	0	0	0	
/m/06c97	0	1	1	0	1	
/m/01nvmd_	1	0	1	0	0	
/m/082mw	0	0	1	0	0	
/m/016qtt	1	0	0	0	0	
/m/0fthdk	1	0	0	0	0	
/m/03f6fl0	1	0	1	0	0	
/m/01c59k	1	0	1	0	0	
/m/08c9b0	1	0	0	0	0	
/m/0kp2_	1	0	1	0	0	
/m/014vk4	1	1	1	1	1	
/m/0dn44	1	0	1	0	0	
/m/02hh8j	0	0	1	0	0	
/m/020fgy	1	0	0	0	0	
/m/01vvyvk	1	0	0	0	0	
/m/01kph_c	1	0	0	0	0	
/m/013w7j	1	0	0	0	0	
/m/029cpw	0	0	1	0	0	
/m/03gt0c5	0	0	1	0	0	
/m/01mvpv	1	1	0	0	1	
/m/01vw917	1	0	0	0	0	
/m/07c0j	1	0	0	0	0	
/m/012j8z	1	0	0	0	0	
/m/02mc79	0	0	1	0	0	
/m/0pkyh	1	0	1	0	0	
/m/0gr36	1	0	1	0	0	
/m/01wj18h	1	0	1	0	0	
/m/0cb77r	1	0	0	0	0	
/m/016ksk	1	0	1	0	0	
/m/01fh0q	1	0	0	0	0	
/m/02f2p7	1	0	0	0	0	
/m/0mb5x	0	0	1	0	1	
/m/05mt6w	1	0	0	0	0	
/m/0blt6	1	0	1	0	0	
/m/016lh0	0	1	1	0	1	
/m/01wd02c	0	0	1	1	0	
/m/0f3zsq	1	0	0	0	0	
/m/062ftr	0	0	1	0	0	
/m/014g9y	1	0	1	0	0	
/m/05qmj	0	0	1	1	0	
/m/07qcbw	1	0	1	0	0	
/m/012gx2	0	1	1	0	1	
/m/02g3w	1	0	1	0	0	
/m/0rlz	1	1	0	0	1	
/m/083q7	0	1	0	1	1	
/m/017vkx	1	0	0	0	0	
/m/04_jsg	1	0	0	0	0	
/m/0czhv7	1	0	0	0	0	
/m/07z4p5	1	0	0	0	0	
/m/02cvp8	0	0	1	0	0	
/m/0psss	1	0	0	0	0	
/m/0gct_	1	0	0	0	0	
/m/0dbpyd	0	0	1	0	0	
/m/0ff3y	0	0	1	0	0	
/m/023t0q	1	0	1	0	0	
/m/01tnxc	1	0	1	0	0	
/m/03vrp	0	0	1	0	0	
/m/07w21	1	0	1	0	0	
/m/01lmj3q	1	0	0	0	0	
/m/0cbxl0	1	0	0	0	0	
/m/02x8s9	0	0	1	0	0	
/m/01p9hgt	1	0	0	0	0	
/m/0gthm	0	0	1	0	1	
/m/017_pb	0	0	1	0	1	
/m/01dvtx	0	0	1	1	1	
/m/025vry	1	0	0	0	0	
/m/02665kn	0	0	1	0	0	
/m/0969vz	1	0	0	0	0	
/m/0b455l	0	0	1	0	0	
/m/01ydzx	1	0	0	0	1	
/m/0hl3d	1	0	1	0	0	
/m/01wwvc5	1	0	0	0	0	
/m/015c4g	0	0	1	0	0	
/m/02nrdp	0	0	1	0	0	
/m/02rhfsc	0	0	1	0	0	
/m/01lwx	0	0	1	1	0	
/m/01_k71	1	0	0	0	0	
/m/01rc4p	0	0	1	0	0	
/m/0g10g	1	0	0	0	0	
/m/017149	0	0	1	0	0	
/m/05d1y	0	0	0	1	0	
/m/0h0p_	0	0	1	0	0	
/m/07d3x	0	0	1	0	0	
/m/027dpx	1	0	0	0	0	
/m/063b4k	1	0	1	0	0	
/m/0bg539	1	0	0	0	0	
/m/04q5zw	0	0	1	0	0	
/m/02fbpz	1	0	0	0	1	
/m/02bwc7	0	0	1	0	0	
/m/011k4g	1	0	0	0	0	
/m/02lymt	1	0	0	0	0	
/m/07fq1y	0	0	1	0	0	
/m/02t__l	1	0	0	0	0	
/m/06f5j	0	0	0	0	1	
/m/067x44	1	0	0	0	0	
/m/017r13	1	0	0	0	0	
/m/01vsps	0	0	1	0	0	
/m/01wdqrx	1	0	0	0	0	
/m/06vqdf	1	0	1	0	0	
/m/02bc74	1	0	0	0	0	
/m/0q1lp	0	0	1	0	0	
/m/01j4ls	1	0	0	0	0	
/m/02h3tp	1	0	0	0	0	
/m/03bnv	1	0	1	0	0	
/m/05n19y	1	0	0	0	0	
/m/04zwtdy	0	0	1	0	0	
/m/074tb5	1	0	0	0	0	
/m/025_ql1	1	0	1	0	0	
/m/018ty9	1	0	1	0	0	
/m/016fnb	1	0	0	0	0	
/m/01bbwp	1	0	0	0	1	
/m/03h_fqv	1	0	1	0	0	
/m/01_rh4	1	0	1	0	0	
/m/01hw6wq	1	0	0	0	0	
/m/0135xb	1	0	0	0	0	
/m/022qw7	0	0	1	0	0	
/m/01k47c	1	0	0	0	0	
/m/02yygk	1	0	0	0	0	
/m/04jzj	0	0	1	1	0	
/m/07c37	0	0	1	1	0	
/m/042q3	0	0	1	1	1	
/m/038w8	0	1	0	0	1	
/m/02lkcc	1	0	0	0	0	
/m/0854hr	1	0	0	0	0	
/m/017lqp	1	0	1	0	0	
/m/085gk	0	0	1	0	0	
/m/01x66d	1	0	0	1	0	
/m/03jqw5	1	0	1	0	0	
/m/028mc6	1	0	0	0	0	
/m/02lz1s	1	0	0	0	0	
/m/056wb	0	0	1	0	0	
/m/06pj8	0	0	1	0	0	
/m/0bv7t	0	0	1	0	0	
/m/09swkk	1	0	0	0	0	
/m/0178rl	1	0	1	0	0	
/m/05yh_t	0	0	1	0	0	
/m/034bs	0	0	1	0	1	
/m/03bxwtd	1	0	0	0	0	
/m/07h5d	0	0	1	0	0	
/m/03wh95l	0	0	1	0	0	
/m/02mz_6	1	0	1	0	0	
/m/0f502	1	0	0	0	0	
/m/0m2l9	1	0	1	0	0	
/m/02mslq	1	0	0	0	0	
/m/0g_rs_	0	0	1	0	0	
/m/015z4j	0	0	1	0	0	
/m/073v6	0	0	1	0	1	
/m/01w58n3	1	0	0	0	0	
/m/0420y	1	0	1	1	1	
/m/012z8_	1	0	0	0	0	
/m/03dq9	1	0	1	0	0	
/m/01pgk0	1	0	1	0	0	
/m/01m7pwq	1	0	0	0	0	
/m/03c9pqt	0	0	1	0	0	
/m/01nrq5	0	0	1	0	0	
/m/0lzcs	0	1	0	0	1	
/m/0d0vj4	0	1	1	0	1	
/m/02c0mv	0	0	1	0	0	
/m/0pnf3	0	0	1	0	0	
/m/034g2b	1	0	0	0	0	
/m/042z_g	0	0	1	0	0	
/m/06rgq	1	0	0	0	0	
/m/03x82v	1	0	0	0	0	
/m/03_hd	0	0	1	1	0	
/m/0hqgp	1	0	0	0	0	
/m/02lk1s	0	0	1	0	0	
/m/06jkm	0	0	1	0	0	
/m/01wn718	1	0	0	0	0	
/m/08jfkw	0	0	1	0	0	
/m/03jm6c	0	0	1	0	0	
/m/0bs1yy	1	0	0	0	0	
/m/02bxjp	0	0	1	0	0	
/m/0h0yt	1	0	1	0	0	
/m/05zbm4	0	0	1	0	0	
/m/019gz	0	0	1	0	0	
/m/02mt4k	0	0	1	0	0	
/m/01vsksr	1	0	1	1	0	
/m/06jnvs	0	0	1	0	0	
/m/0164y7	1	0	1	0	0	
/m/02yy8	0	1	0	0	1	
/m/0m68w	1	0	1	0	0	
/m/01f2f8	1	0	1	0	0	
/m/01gx5f	1	0	1	0	0	
/m/049fgvm	1	0	1	0	0	
/m/01d1yr	1	0	0	0	0	
/m/02v92l	1	0	0	0	0	
/m/01v3vp	1	0	0	0	0	
/m/03mz9r	1	0	1	0	0	
/m/03_f0	1	0	0	0	0	
/m/07cbs	0	1	1	1	1	
/m/02s6sh	1	0	0	0	0	
/m/0dt1cm	1	0	0	0	0	
/m/027_sn	1	0	1	0	0	
/m/06y3r	0	0	0	1	0	
/m/08qvhv	0	0	1	0	0	
/m/0121rx	1	0	1	0	0	
/m/04n7njg	1	0	1	0	0	
/m/01l87db	1	0	0	0	0	
/m/06qgjh	0	0	1	0	0	
/m/019f9z	1	0	0	0	0	
/m/017r2	1	0	1	0	0	
/m/021bk	1	1	1	0	1	
/m/02rmxx	1	0	1	0	0	
/m/025vldk	0	0	1	0	0	
/m/02k21g	1	0	0	0	0	
/m/029k55	1	0	1	0	0	
/m/01l03w2	1	0	0	0	0	
/m/0h5f5n	0	0	1	0	0	
/m/04g865	1	0	1	0	0	
/m/06lk0_	1	0	0	0	0	
/m/05ldnp	0	0	1	0	0	
/m/054187	0	0	1	0	0	
/m/0194xc	0	1	1	0	1	
/m/06r_by	1	0	0	0	0	
/m/023l9y	1	0	0	0	0	
/m/02t_st	0	0	1	0	0	
/m/0m0nq	1	0	1	0	0	
/m/0bxtyq	1	0	0	0	0	
/m/0335fp	0	0	1	0	0	
/m/05tjm3	0	0	1	0	0	
/m/01lvzbl	1	0	0	0	0	
/m/0lgsq	1	0	0	0	0	
/m/02jxkw	1	0	0	0	0	
/m/02gf_l	1	0	0	0	0	
/m/03sbs	0	0	1	1	0	
/m/076_74	0	0	1	0	0	
/m/0cmt6q	1	0	0	0	0	
/m/05szp	1	0	1	0	0	
/m/01h2_6	1	0	1	1	1	
/m/04258w	0	0	1	0	0	
/m/019x62	1	0	0	0	0	
/m/0c9c0	0	0	1	0	0	
/m/015pxr	1	0	1	0	0	
/m/06j0md	0	0	1	0	0	
/m/02d42t	0	0	1	0	0	
/m/01m3x5p	1	0	0	0	0	
/m/01xndd	1	0	1	0	0	
/m/03k0yw	1	0	1	0	0	
/m/0kvrb	1	0	0	0	0	
/m/01wyq0w	1	0	0	0	0	
/m/01w0yrc	1	0	0	0	0	
/m/02qgyv	1	0	1	0	0	
/m/0byfz	1	0	1	0	1	
/m/089z0z	1	0	0	0	0	
/m/04m2zj	1	0	0	0	0	
/m/01vsyjy	1	0	0	0	0	
/m/09fqd3	0	0	1	0	0	
/m/02c7lt	0	0	1	0	0	
/m/0b_c7	1	0	1	0	1	
/m/021sv1	0	1	1	1	1	
/m/06kb_	0	0	1	0	0	
/m/0pqzh	0	0	1	0	0	
/m/03l3jy	1	0	0	0	0	
/m/052h3	0	0	1	1	0	
/m/01tpl1p	1	0	0	0	0	
/m/09px1w	1	0	1	0	0	
/m/01l1hr	1	0	1	0	0	
/m/013pp3	0	0	1	0	0	
/m/01q8fxx	1	0	0	0	0	
/m/0l9k1	0	0	1	0	0	
/m/02wlk	1	0	1	0	0	
/m/029b9k	1	0	1	0	0	
/m/0466k4	0	1	0	0	1	
/m/02xs0q	0	0	1	0	0	
/m/08cn_n	0	0	1	0	0	
/m/029pnn	0	0	1	0	0	
/m/03s9v	1	0	1	1	0	
/m/015grj	1	0	1	0	0	
/m/04jspq	1	0	1	0	0	
/m/01vtj38	1	0	0	0	0	
/m/0mb0	0	0	1	0	0	
/m/0bymv	0	1	1	0	1	
/m/01vrz41	1	0	0	0	0	
/m/0h7pj	1	0	0	0	0	
/m/01k_0fp	1	0	0	0	0	
/m/0pk41	1	0	0	0	0	
/m/02778tk	0	0	1	0	0	
/m/03_js	0	1	1	0	1	
/m/0884fm	1	0	0	0	0	
/m/013zyw	0	0	1	0	0	
/m/03v36	0	0	1	0	0	
/m/054k_8	1	0	0	0	0	
/m/03fw4y	0	0	1	0	0	
/m/027j79k	0	0	1	0	0	
/m/01337_	1	0	1	0	0	
/m/04mky3	1	0	0	0	0	
/m/02cqbx	1	0	0	0	0	
/m/0bq4j6	0	0	1	0	0	
/m/05whq_9	0	0	1	0	0	
/m/01kvqc	1	0	0	0	0	
/m/06cgy	1	0	0	0	0	
/m/014dm6	1	0	1	0	0	
/m/0kr7k	1	0	0	1	0	
/m/0d0l91	0	0	1	0	0	
/m/062cg6	1	0	1	0	0	
/m/0fn5bx	1	0	0	0	0	
/m/052hl	1	0	1	0	0	
/m/01l_vgt	1	0	0	0	0	
/m/01g6bk	0	0	1	0	0	
/m/09xrxq	0	0	1	0	0	
/m/020l9r	0	0	1	0	0	
/m/06p0s1	1	0	0	0	0	
/m/02fb1n	1	0	1	0	0	
/m/02lp3c	0	0	1	0	0	
/m/03ftmg	0	0	1	0	0	
/m/026dcvf	0	0	1	0	0	
/m/0hwd8	1	0	1	0	0	
/m/01y_rz	1	0	0	0	0	
/m/09889g	1	0	1	0	0	
/m/01fh9	1	0	1	0	0	
/m/02t_99	0	0	1	0	0	
/m/017xm3	1	0	1	0	0	
/m/04gycf	1	0	0	0	0	
/m/08141d	1	0	0	0	0	
/m/04snp2	1	0	1	0	0	
/m/03061d	0	0	1	0	0	
/m/01mqnr	1	0	0	0	0	
/m/016dgz	1	0	0	0	0	
/m/04353	1	0	1	0	0	
/m/09h_q	1	0	1	0	0	
/m/0l6wj	0	0	1	0	0	
/m/06pjs	0	0	1	0	0	
/m/03nb5v	0	0	1	0	0	
/m/04xjp	0	0	1	0	0	
/m/03w4sh	0	0	1	0	0	
/m/01wv9p	1	0	0	0	0	
/m/0372p	0	0	1	1	0	
/m/0pkgt	1	0	1	0	0	
/m/03f7m4h	1	0	1	0	0	
/m/022g44	1	0	1	0	0	
/m/026dg51	0	0	1	0	0	
/m/0326tc	1	0	0	0	0	
/m/03_1pg	0	0	1	0	0	
/m/03pm9	0	0	1	0	0	
/m/035sc2	0	0	1	0	0	
/m/016dsy	1	0	1	0	0	
/m/048cl	0	0	1	1	1	
/m/01gzm2	0	0	1	0	0	
/m/014v1q	1	0	0	0	0	
/m/03s9b	0	0	1	0	0	
/m/0g476	1	0	0	0	0	
/m/01cpqk	0	0	1	0	0	
/m/06cddt	0	0	1	0	0	
/m/05txrz	0	0	1	0	0	
/m/0lpjn	1	0	1	0	0	
/m/04v7k2	1	0	0	0	0	
/m/04zwjd	1	0	0	0	0	
/m/01846t	1	0	0	0	0	
/m/01p0vf	1	0	0	0	0	
/m/020jqv	1	0	1	0	0	
/m/01rlxt	0	0	1	0	0	
/m/018gkb	1	0	0	0	0	
/m/071xj	1	0	1	0	0	
/m/03ryks	1	0	0	0	0	
/m/0n6kf	0	0	1	0	0	
/m/0glmv	0	0	1	0	0	
/m/0b22w	0	1	0	0	1	
/m/04t2l2	0	0	1	0	0	
/m/028qdb	1	0	0	0	0	
/m/03f68r6	1	0	0	0	0	
/m/01r42_g	1	0	0	0	0	
/m/0g2mbn	0	0	1	0	0	
/m/0h96g	0	0	1	0	0	
/m/03f3_p3	1	0	0	0	0	
/m/0m93	0	0	1	1	0	
/m/015vq_	0	0	1	0	0	
/m/01q_ph	0	0	1	0	0	
/m/0738y5	1	0	1	0	0	
/m/0137hn	1	0	0	0	1	
/m/0cms7f	0	0	1	0	0	
/m/09g0h	1	0	1	0	0	
/m/079vf	1	0	1	0	0	
/m/0674cw	0	0	1	0	0	
/m/0f3zf_	1	0	0	0	0	
/m/0gpmp	1	0	1	0	0	
/m/0b_j2	1	0	0	0	0	
/m/01vsykc	1	0	0	0	0	
/m/01ggbx	1	0	1	0	0	
/m/01kym3	1	0	0	0	0	
/m/0837ql	1	0	1	0	0	
/m/0ff2k	0	0	1	0	0	
/m/0bz60q	1	0	1	0	0	
/m/019l68	0	0	1	0	0	
/m/01syr4	0	0	1	0	0	
/m/0693l	0	0	1	0	0	
/m/0p5mw	1	0	0	0	0	
/m/01vvyfh	1	0	0	0	0	
/m/05j12n	0	0	0	0	1	
/m/048s0r	1	0	0	0	0	
/m/01wmjkb	1	0	0	0	0	
/m/046mxj	0	0	1	0	0	
/m/01vs73g	1	0	0	0	0	
/m/0jf1b	0	0	1	0	0	
/m/04ls53	1	0	0	0	0	
/m/02x8mt	1	0	0	0	0	
/m/0h3mrc	0	0	1	0	0	
/m/04x56	1	0	1	0	0	
/m/01f9zw	1	0	0	0	0	
/m/01wwvt2	1	0	0	0	0	
/m/05cgy8	1	0	1	0	0	
/m/02wrrm	0	0	1	0	0	
/m/02zhkz	1	0	1	0	0	
/m/0c408_	1	0	1	0	0	
/m/03975z	1	0	0	0	0	
/m/03nbbv	0	0	1	0	0	
/m/04bdqk	1	0	0	0	0	
/m/0dyztm	1	0	0	0	0	
/m/0c5vh	1	0	0	0	0	
/m/0gz_	0	0	1	1	0	
/m/0kvjrw	1	0	0	0	0	
/m/017g21	1	0	0	0	1	
/m/01vvy	1	0	0	0	0	
/m/020hyj	1	0	0	0	0	
/m/01p45_v	1	0	1	0	0	
/m/01qg7c	1	0	0	0	0	
/m/01bczm	1	0	0	0	0	
/m/01sxd1	1	0	0	0	0	
/m/07m9cm	0	0	1	0	0	
/m/07g2v	1	0	0	0	0	
/m/03j0d	0	0	1	0	1	
/m/01386_	1	0	1	0	0	
/m/09xvf7	0	0	1	0	0	
/m/02pb53	1	0	1	0	0	
/m/02z3zp	0	0	1	0	0	
/m/03h_yfh	1	0	0	0	0	
/m/023p29	1	0	0	0	0	
/m/064p92m	0	0	1	0	0	
/m/0gcs9	1	0	1	0	1	
/m/016yzz	1	0	1	0	0	
/m/012cph	1	0	1	0	0	
/m/014g91	1	0	0	0	0	
/m/018gqj	1	0	0	0	0	
/m/08mhyd	1	0	0	0	0	
/m/034x61	0	0	1	0	0	
/m/049l7	0	0	1	0	1	
/m/023361	1	0	0	0	0	
/m/03xnq9_	1	0	0	0	0	
/m/0163r3	1	0	0	0	0	
/m/081nh	1	0	1	0	0	
/m/0bczgm	0	0	1	0	0	
/m/02rsz0	1	0	1	0	0	
/m/07hyk	0	1	1	0	1	
/m/0c8br	1	0	1	0	0	
/m/01pr_j6	1	0	0	0	0	
/m/026b7bz	0	0	1	0	0	
/m/03cp7b3	1	0	0	0	0	
/m/05qzv	0	0	1	0	0	
/m/01s7z0	0	1	0	0	0	
/m/03qmj9	1	0	0	0	0	
/m/01j7rd	0	0	1	0	0	
/m/02w5q6	1	0	1	0	0	
/m/067nsm	1	0	0	0	0	
/m/07ddz9	0	0	1	0	0	
/m/09pl3f	0	0	1	0	0	
/m/09k0f	0	1	1	0	1	
/m/01vsy95	1	0	0	0	0	
/m/0288fyj	1	0	0	0	0	
/m/0dqzkv	1	0	0	0	0	
/m/01ypsj	1	0	1	0	0	
/m/02s2wq	1	0	0	0	0	
/m/07q68q	1	0	0	0	0	
/m/026n998	0	0	1	0	0	
/m/01515w	0	0	1	0	0	
/m/01vlj1g	1	0	0	0	0	
/m/099d4	1	0	1	0	0	
/m/01wjrn	0	0	1	0	0	
/m/03rx9	1	0	1	1	0	
/m/027y_	1	0	1	0	0	
/m/06wm0z	1	0	0	0	0	
/m/05p5nc	0	0	1	0	0	
/m/02lbrd	1	0	0	0	0	
/m/09_99w	0	0	1	0	0	
/m/0207wx	0	0	1	0	0	
/m/01vd7hn	1	0	0	0	0	
/m/01hc9_	0	0	1	0	0	
/m/0170qf	0	0	1	0	0	
/m/09cdxn	1	0	0	0	0	
/m/0d7hg4	0	0	1	0	0	
/m/0crvfq	0	0	1	0	0	
/m/016k6x	1	0	1	0	0	
/m/0h6sv	1	0	0	0	1	
/m/0285c	1	0	0	0	0	
/m/0j3v	0	0	1	1	0	
/m/03ys2f	0	0	1	0	0	
/m/03g5_y	0	0	1	0	0	
/m/01d8yn	0	0	1	0	0	
/m/01vrx35	1	0	1	0	0	
/m/0frmb1	0	0	1	0	0	
/m/018y2s	1	0	0	0	0	
/m/0479b	1	0	0	0	0	
/m/059j4x	0	0	1	0	0	
/m/05ty4m	0	0	1	0	0	
/m/06g4_	0	0	1	1	0	
/m/02bn75	1	0	0	0	0	
/m/04954	1	0	0	0	0	
/m/01wg6y	1	0	0	0	0	
/m/026ck	1	0	0	0	0	
/m/09bg4l	1	1	1	0	1	
/m/01kws3	1	0	1	0	0	
/m/01v80y	0	0	1	0	0	
/m/012q4n	1	0	0	0	0	
/m/01mh8zn	1	0	1	0	0	
/m/01cj6y	1	0	0	0	0	
/m/01l4zqz	1	0	0	0	0	
/m/0gv5c	0	0	1	0	0	
/m/09f5rr	0	0	1	0	0	
/m/01j7z7	1	0	0	0	0	
/m/01_4z	0	0	0	0	1	
/m/05rnp1	0	0	1	0	0	
/m/0x3b7	1	0	0	0	0	
/m/01vwbts	1	0	0	0	0	
/m/01vq3nl	1	0	0	0	0	
/m/01vb403	1	0	1	0	0	
/m/0bd2n4	0	0	1	0	0	
/m/01271h	1	0	0	0	0	
/m/05xf75	0	0	1	0	0	
/m/02znwv	0	0	1	0	0	
/m/0dbc1s	0	0	1	0	0	
/m/023n39	1	0	1	0	0	
/m/0bqytm	1	0	0	0	0	
/m/0bwx3	0	0	1	0	0	
/m/0h5g_	1	0	0	0	0	
/m/019389	1	0	1	0	0	
/m/047q2wc	0	0	1	0	0	
/m/0kc6	1	0	1	0	0	
/m/04mhl	1	0	1	1	0	
/m/01p7b6b	1	0	0	0	0	
/m/01vw87c	1	0	0	0	0	
/m/06v8s0	0	0	1	0	0	
/m/0ffgh	1	0	1	0	0	
/m/01cv3n	1	0	0	0	0	
/m/040rjq	0	0	1	0	0	
/m/076psv	1	0	0	0	0	
/m/0149xx	1	0	1	0	0	
/m/018ndc	1	0	0	0	0	
/m/01fx5l	0	1	0	0	0	
/m/0341n5	0	0	1	0	0	
/m/091yn0	1	0	1	0	0	
/m/08433	1	0	1	0	0	
/m/06hgj	0	0	1	1	1	
/m/0f7hc	1	0	1	0	0	
/m/0gdqy	1	0	1	0	0	
/m/01gf5h	1	0	1	0	0	
/m/01vh18t	0	0	1	0	0	
/m/07dnx	0	0	1	0	0	
/m/02xfrd	0	0	0	0	1	
/m/02g40r	1	0	0	0	0	
/m/05yzt_	1	0	0	0	0	
/m/02fz3w	0	0	0	0	1	
/m/0drc1	1	0	1	0	0	
/m/03h502k	1	0	1	0	0	
/m/0bt4r4	0	0	1	0	0	
/m/02tk74	1	0	1	0	0	
/m/03k48_	0	0	1	0	0	
/m/0hky	0	0	1	1	0	
/m/09h4b5	1	0	0	0	0	
/m/0146pg	1	0	0	0	0	
/m/02qzjj	1	0	0	0	0	
/m/040_9	0	0	1	0	0	
/m/01kv4mb	1	0	0	0	0	
/m/02rchht	0	0	1	0	0	
/m/08849	0	1	0	0	1	
/m/01nfys	0	0	1	0	0	
/m/04gtdnh	0	0	1	0	0	
/m/06p03s	1	0	0	0	0	
/m/01bpnd	1	0	0	0	0	
/m/0fq117k	1	0	1	0	0	
/m/01wyz92	1	0	0	0	0	
/m/03cs_z7	0	0	1	0	0	
/m/01wphh2	1	0	0	0	0	
/m/044f7	1	0	0	0	0	
/m/0cj2t3	0	0	1	0	0	
/m/026w_gk	1	0	0	0	0	
/m/07j8kh	1	0	1	0	0	
/m/02v2jy	1	0	1	0	0	
/m/0164nb	1	0	0	0	0	
/m/032t2z	1	0	0	0	0	
/m/0c5tl	0	0	1	0	0	
/m/0fpjyd	1	0	0	0	0	
/m/0f87jy	1	0	1	0	0	
/m/01ccr8	1	0	1	0	0	
/m/027jq2	1	0	1	0	0	
/m/054bt3	0	0	1	0	0	
/m/022wxh	1	0	1	0	0	
/m/03xn3s2	0	0	1	0	0	
/m/033wx9	1	0	0	0	0	
/m/01gz9n	1	0	1	0	0	
/m/016j68	1	0	1	0	0	
/m/016fjj	0	0	1	0	0	
/m/01s3kv	0	0	1	0	0	
/m/0lccn	1	0	1	0	0	
/m/0gbwp	1	0	1	0	0	
/m/039n1	0	0	1	0	0	
/m/030dr	0	1	1	1	1	
/m/0g5ff	1	0	1	0	0	
/m/07t2k	0	1	1	0	1	
/m/02l5rm	0	0	1	0	0	
/m/02t8yb	1	0	0	0	0	
/m/0pz7h	0	0	1	0	0	
/m/0pz91	1	0	1	0	0	
/m/0p8jf	0	0	1	0	0	
/m/03hltjb	1	0	0	0	0	
/m/058frd	0	0	1	0	0	
/m/0mfj2	0	0	1	0	0	
/m/01wj9y9	0	0	1	0	0	
/m/09nhvw	1	0	0	0	0	
/m/05kfs	0	0	1	1	0	
/m/03txms	0	0	0	0	1	
/m/04pz5c	0	0	1	0	0	
/m/0275_pj	0	0	1	0	0	
/m/0232lm	1	0	0	0	0	
/m/041_y	0	0	1	0	0	
/m/03xpfzg	0	0	1	0	0	
/m/060j8b	0	0	1	0	0	
/m/03fg0r	0	0	1	0	0	
/m/02vx4c2	1	0	0	0	0	
/m/0lx2l	1	0	1	0	0	
/m/01x209s	1	0	0	0	0	
/m/01gbbz	0	0	1	0	0	
/m/0p8r1	0	0	1	0	0	
/m/0kxbc	1	0	1	0	0	
/m/016ywr	1	0	1	0	0	
/m/025jbj	1	0	0	0	0	
/m/01wwnh2	1	0	1	0	0	
/m/015196	1	0	0	0	0	
/m/01kh2m1	1	0	0	0	0	
/m/01yg9y	1	0	1	0	0	
/m/03yf3z	1	0	1	0	0	
/m/063t3j	1	0	0	0	0	
/m/03d1y3	0	0	1	0	0	
/m/0hnjt	0	0	1	0	0	
/m/03d9wk	1	0	0	0	0	
/m/0ph2w	0	0	1	0	0	
/m/01sg7_	1	0	0	0	0	
/m/06lxn	1	0	0	0	0	
/m/01_xtx	0	0	1	0	0	
/m/0392kz	1	0	0	0	0	
/m/01z7s_	0	0	1	0	0	
/m/05vtbl	1	0	1	0	0	
/m/02kz_	0	0	1	0	1	
/m/01wgxtl	1	0	0	0	0	
/m/02x8z_	1	0	0	0	0	
/m/01wmgrf	1	0	0	0	0	
/m/014gf8	0	0	1	0	0	
/m/0pkr1	1	0	1	0	0	
/m/0227vl	1	0	1	0	0	
/m/0fy91	1	0	0	0	0	
/m/018zvb	0	0	1	0	0	
/m/08hhm6	0	0	1	0	0	
/m/01hkhq	0	0	1	0	0	
/m/01wgx4	1	0	0	0	0	
/m/03zz8b	1	0	0	0	0	
/m/06gh0t	0	0	1	0	0	
/m/015882	1	0	1	0	0	
/m/058w5	1	0	1	0	0	
/m/0bx_q	0	0	1	0	0	
/m/02fybl	1	0	0	0	0	
/m/0191h5	1	0	1	0	0	
/m/0l15n	1	0	0	0	0	
/m/029m83	0	0	1	0	0	
/m/09hnb	1	0	0	0	0	
/m/0244r8	1	0	0	0	0	
/m/03h_0_z	1	0	0	0	0	
/m/05m9f9	0	0	1	0	0	
/m/024tj	0	0	1	0	0	
/m/06w2sn5	1	0	0	0	0	
/m/04pg29	0	0	1	0	0	
/m/03ckvj9	0	0	1	0	0	
/m/0mbhr	1	0	1	0	0	
/m/04gr35	1	0	1	0	0	
/m/0gn30	0	0	1	0	0	
/m/02n1p5	0	1	0	0	1	
/m/06jw0s	0	0	1	0	0	
/m/081_zm	0	0	1	0	0	
/m/03l3ln	0	1	0	0	1	
/m/03ds3	1	0	1	0	0	
/m/03cws8h	0	0	1	0	0	
/m/029_3	0	0	1	0	0	
/m/06jrhz	0	0	1	0	0	
/m/03ydry	1	0	0	0	0	
/m/015rkw	0	0	1	0	0	
/m/0821j	0	0	1	0	0	
/m/01htxr	1	0	1	0	0	
/m/043hg	0	0	1	0	0	
/m/0488g9	1	0	1	0	0	
/m/03d9v8	1	1	0	0	0	
/m/08n__5	1	0	0	0	0	
/m/0k1bs	1	0	0	0	0	
/m/05j0wc	0	0	1	0	0	
/m/050llt	1	0	0	0	0	
/m/01zkxv	0	0	1	0	0	
/m/01pp3p	1	0	1	0	0	
/m/01c1px	1	0	0	0	0	
/m/05xpms	1	0	0	0	0	
/m/083wr9	1	0	0	0	0	
/m/041wm	0	1	1	0	1	
/m/01ycck	1	0	1	0	0	
/m/0cw10	0	0	1	0	1	
/m/0g69lg	0	0	1	0	0	
/m/04m_zp	0	0	1	0	0	
/m/012vd6	1	0	0	0	0	
/m/07_s4b	0	0	1	0	0	
/m/031y07	0	0	1	0	0	
/m/07mvp	1	0	0	0	0	
/m/02_340	0	0	1	0	0	
/m/022769	0	0	1	0	0	
/m/02wmbg	1	0	1	0	0	
/m/01tc9r	1	0	0	0	0	
/m/02vr7	1	0	0	0	0	
/m/03xgm3	1	0	0	0	0	
/m/01v90t	0	0	1	0	0	
/m/0bpk2	1	0	0	0	0	
/m/06hmd	0	0	1	0	0	
/m/02hy5d	0	1	1	0	1	
/m/01rcmg	0	0	1	0	0	
/m/0633p0	0	0	1	0	0	
/m/03j149k	1	0	0	0	0	
/m/01lly5	1	0	1	0	0	
/m/03d_zl4	1	0	1	0	0	
/m/0p__8	1	0	1	0	0	
/m/07db6x	0	0	1	0	0	
/m/0hz_1	0	0	1	0	0	
/m/04t38b	0	0	1	0	0	
/m/05dxl_	0	0	1	0	0	
/m/05kwx2	0	0	1	0	0	
/m/0280mv7	1	0	0	0	0	
/m/01vsy9_	1	0	0	0	0	
/m/0ql36	1	0	1	0	0	
/m/086nl7	0	0	1	0	0	
/m/0311wg	1	0	0	0	0	
/m/0b82vw	1	0	0	0	0	
/m/046lt	1	0	1	0	0	
/m/045bs6	0	0	1	0	0	
/m/01wbsdz	1	0	0	0	0	
/m/016kft	0	0	1	0	0	
/m/0f13b	1	0	1	0	0	
/m/0cc5tgk	1	0	0	0	0	
/m/01vn0t_	1	0	0	0	0	
/m/021lby	0	0	1	0	0	
/m/01f5q5	1	0	0	0	0	
/m/01vsgrn	1	0	1	0	0	
/m/03mszl	1	0	0	0	0	
/m/0gv40	0	0	1	0	0	
/m/01pgzn_	1	0	0	0	0	
/m/048svj	0	0	1	0	0	
/m/027d5g5	0	0	1	0	0	
/m/01zmpg	1	0	0	0	0	
/m/01k23t	1	0	0	0	0	
/m/0641g8	1	0	0	0	0	
/m/032md	0	0	1	0	0	
/m/042xrr	0	0	1	0	0	
/m/02t1dv	1	0	0	0	0	
/m/06k02	1	0	0	0	0	
/m/012d40	1	0	1	0	0	
/m/01x4sb	1	0	0	0	0	
/m/0cm03	1	0	0	0	1	
/m/05hrq4	0	0	1	0	0	
/m/03_vx9	1	0	0	0	0	
/m/0bhvtc	1	0	0	0	0	
/m/012t1	0	0	1	0	0	
/m/02d45s	1	0	0	0	0	
/m/05ggt_	1	0	0	0	0	
/m/0h5j77	1	0	0	0	0	
/m/01pcmd	0	0	1	0	0	
/m/02_jkc	1	0	0	0	0	
/m/02gvwz	0	0	1	0	0	
/m/03wjb7	1	0	0	0	0	
/m/012201	1	0	0	0	0	
/m/01_p6t	1	0	0	0	0	
/m/06f_qn	0	0	1	0	0	
/m/0w6w	0	0	1	0	0	
/m/0126y2	1	0	0	0	0	
/m/03f19q4	1	0	0	0	0	
/m/0bm9xk	1	0	0	0	0	
/m/01vtqml	1	0	0	0	0	
/m/02xp18	0	0	1	0	0	
/m/05p92jn	0	0	1	0	0	
/m/077rj	1	0	1	0	0	
/m/045bg	0	0	1	0	1	
/m/03w9sgh	0	0	1	0	0	
/m/02tf1y	0	0	1	0	0	
/m/03rs8y	0	0	1	0	0	
/m/0cj2k3	0	0	1	0	0	
/m/0crx5w	0	0	1	0	0	
/m/01ty4	0	0	0	1	0	
/m/04dz_y7	1	0	1	0	0	
/m/015p3p	1	0	0	0	0	
/m/0flpy	1	0	0	0	0	
/m/04y9dk	0	0	1	0	0	
/m/01f8ld	0	0	1	0	0	
/m/01797x	1	0	0	0	0	
/m/021r6w	0	0	1	0	0	
/m/01mxnvc	1	0	0	0	0	
/m/07_grx	1	0	0	0	0	
/m/05b2gsm	1	0	0	0	0	
/m/01p87y	0	0	1	0	0	
/m/07xr3w	1	0	1	0	0	
/m/09k2t1	1	0	0	0	0	
/m/02633g	0	0	1	0	0	
/m/05drr9	0	0	1	0	0	
/m/0c1jh	1	0	1	1	0	
/m/0dw4g	1	0	0	0	0	
/m/016nff	0	0	1	0	0	
/m/0d3k14	0	1	1	0	1	
/m/0jt90f5	0	0	1	0	0	
/m/023qfd	1	0	1	0	0	
/m/06dv3	1	0	0	0	0	
/m/028pzq	1	0	1	0	0	
/m/02w0dc0	1	0	0	0	0	
/m/01pcrw	1	0	0	0	0	
/m/019fnv	1	0	0	0	0	
/m/0blq0z	1	0	0	0	0	
/m/030wkp	1	0	0	0	0	
/m/01qqtr	0	0	1	0	0	
/m/04r7p	0	0	1	0	0	
/m/02lfcm	0	0	1	0	0	
/m/03772	0	0	1	0	0	
/m/01pbwwl	1	0	1	0	0	
/m/04x4s2	0	0	1	0	0	
/m/01dbk6	0	0	1	0	0	
/m/02y0yt	1	0	0	0	0	
/m/02zmh5	1	0	0	0	0	
/m/01vswx5	1	0	0	0	0	
/m/09prnq	1	0	0	0	0	
/m/0gnbw	0	0	1	0	0	
/m/02g75	0	0	1	0	0	
/m/01gbb4	1	0	1	0	0	
/m/04kj2v	1	0	0	0	0	
/m/08n9ng	1	0	1	0	0	
/m/03h_9lg	1	0	0	0	0	
/m/027hnjh	0	0	1	0	0	
/m/0686zv	1	0	1	0	0	
/m/043kzcr	0	0	1	0	0	
/m/01pk3z	1	0	0	0	0	
/m/058nh2	0	0	1	0	0	
/m/01gj8_	0	1	0	0	1	
/m/058s57	1	0	0	0	0	
/m/015g_7	1	0	0	0	0	
/m/01ww2fs	1	0	0	0	0	
/m/0fx0j2	1	0	0	0	0	
/m/01njxvw	1	0	0	0	0	
/m/01vhb0	0	0	1	0	0	
/m/01fxck	1	0	1	0	0	
/m/05m0h	0	1	0	0	1	
/m/0739y	1	0	1	0	0	
/m/07sgfvl	1	0	0	0	0	
/m/02r1tx7	1	0	0	0	0	
/m/071ynp	0	0	1	0	0	
/m/03jj93	0	0	1	0	0	
/m/0154qm	0	0	1	0	0	
/m/02yl42	0	0	1	0	0	
/m/01vsyg9	1	0	0	0	0	
/m/0ftps	1	0	0	0	0	
/m/01r2c7	0	0	1	0	0	
/m/01t265	0	0	1	0	0	
/m/06d6y	0	0	1	0	0	
/m/04fkg4	0	0	1	0	0	
/m/02jtjz	1	0	1	0	0	
/m/0139q5	1	0	0	0	0	
/m/012xdf	1	0	1	0	0	
/m/0cgfb	1	0	0	0	0	
/m/0147dk	1	0	0	0	0	
/m/06688p	1	0	1	0	0	
/m/0cpvcd	0	0	1	1	0	
/m/01mkn_d	1	0	0	0	0	
/m/09f0bj	1	0	0	0	0	
/m/01fwk3	1	0	1	0	0	
/m/05183k	0	0	1	0	0	
/m/036gdw	1	0	0	0	0	
/m/0892sx	1	0	0	0	0	
/m/05jm7	1	0	1	0	0	
/m/03m_k0	0	0	1	0	0	
/m/026ps1	1	0	0	0	0	
/m/01t_z	0	0	0	1	0	
/m/06w38l	0	0	1	0	0	
/m/03csqj4	1	0	0	0	0	
/m/02xy5	0	0	0	0	1	
/m/0dzc16	1	0	0	0	0	
/m/01w9wwg	1	0	0	0	0	
/m/01rwcgb	1	0	0	0	0	
/m/0438pz	0	0	1	0	0	
/m/053ksp	0	0	1	0	0	
/m/03n0pv	1	0	1	0	0	
/m/01lct6	0	1	1	0	1	
/m/03v0vd	0	0	1	0	0	
/m/01cwcr	1	0	1	0	0	
/m/02cj_f	1	0	1	0	0	
/m/0lrh	1	0	1	0	0	
/m/01vvycq	1	0	1	0	0	
/m/056rgc	0	0	1	0	0	
/m/060_7	1	0	0	0	0	
/m/042d1	0	1	0	0	1	
/m/049sb	1	0	1	0	0	
/m/069_0y	1	0	0	0	0	
/m/010xjr	1	0	0	0	0	
/m/01d_h	1	0	0	0	0	
/m/0fpjd_g	1	0	0	0	0	
/m/03_87	0	0	1	0	0	
/m/01w8n89	1	0	0	0	0	
/m/05drq5	0	0	1	0	0	
/m/0tfc	0	0	1	1	0	
/m/02508x	0	0	1	0	0	
/m/06y7d	0	0	1	1	1	
/m/01jfr3y	1	0	0	0	0	
/m/0d5wn3	1	0	0	0	0	
/m/0gx_p	1	0	1	0	0	
/m/0gqrb	1	0	0	0	0	
/m/049g_xj	1	0	0	0	0	
/m/01d1st	1	0	1	0	0	
/m/01pllx	0	0	1	0	0	
/m/01v5h	0	0	1	0	0	
/m/0c_jc	0	0	0	0	1	
/m/01nhkxp	1	0	1	0	0	
/m/03xx9l	0	0	1	0	0	
/m/051z6mv	1	0	0	0	0	
/m/01vyp_	1	0	1	0	0	
/m/071jrc	1	0	0	0	0	
/m/029ql	1	0	0	0	0	
/m/09y20	1	0	1	0	0	
/m/04s5_s	1	0	1	0	0	
/m/01l1ls	1	0	1	0	0	
/m/042f1	0	1	0	0	1	
/m/064jjy	1	0	1	0	0	
/m/03f5spx	1	0	0	0	0	
/m/07fvf1	0	0	1	0	0	
/m/09jrf	0	1	0	0	1	
/m/03hpr	1	0	1	0	0	
/m/09yrh	1	0	0	0	0	
/m/026dd2b	0	0	1	0	0	
/m/03x3qv	0	0	1	0	0	
/m/02w670	1	0	0	0	0	
/m/0dxmyh	1	0	0	0	0	
/m/08f3b1	0	1	1	0	1	
/m/029rk	0	0	0	1	0	
/m/01b9z4	0	0	1	0	0	
/m/0b6yp2	1	0	0	0	0	
/m/0gkg6	1	0	1	0	0	
/m/02bj6k	0	0	1	0	0	
/m/0fx02	0	0	1	0	0	
/m/020ffd	0	0	1	0	0	
/m/01g04k	1	0	1	0	0	
/m/014635	0	0	1	0	0	
/m/0bvls5	0	0	1	0	1	
/m/027t8fw	1	0	0	0	0	
/m/06wkj0	1	0	0	0	0	
/m/02y7sr	1	0	1	0	0	
/m/01twdk	0	0	1	0	0	
/m/012c6x	1	0	0	0	0	
/m/017dpj	0	0	1	0	0	
/m/0kszw	1	0	1	0	0	
/m/01wzlxj	1	0	0	0	0	
/m/039g82	1	0	0	0	0	
/m/01k_mc	1	0	0	0	0	
/m/02bwjv	1	0	0	0	0	
/m/02l840	1	0	0	0	0	
/m/01323p	1	0	0	0	0	
/m/01c6l	0	0	1	0	0	
/m/01wwvd2	1	0	1	0	0	
/m/015zql	0	0	1	0	0	
/m/016h4r	1	0	0	0	0	
/m/03_2y	1	0	1	0	0	
/m/03gvpk	1	0	1	0	0	
/m/0f3nn	1	0	1	0	0	
/m/01y_px	1	0	0	0	0	
/m/051m56	1	0	0	0	0	
/m/01c7p_	1	0	1	0	0	
/m/025n3p	0	0	1	0	0	
/m/05br10	1	0	0	0	0	
/m/0gzh	0	1	0	0	1	
/m/016gkf	1	0	1	0	0	
/m/02nb2s	0	0	1	0	0	
/m/04cbtrw	0	0	1	0	0	
/m/02ld6x	0	0	1	0	0	
/m/01r4zfk	0	0	1	0	0	
/m/03rqww	1	0	0	0	0	
/m/015010	1	0	0	0	0	
/m/03_x5t	1	0	0	0	0	
/m/04135	1	0	1	0	0	
/m/03dbds	1	0	1	0	0	
/m/04l19_	1	0	1	0	0	
/m/06gd4	1	0	0	0	0	
/m/01rrwf6	1	0	0	0	0	
/m/0tc7	0	1	1	0	1	
/m/0638kv	1	0	1	0	0	
/m/01gbn6	0	0	1	0	0	
/m/02lfp4	1	0	1	0	0	
/m/02_hj4	1	0	1	0	1	
/m/02s5v5	1	0	1	0	0	
/m/02rn_bj	1	0	0	0	0	
/m/02g3mn	0	0	1	0	0	
/m/0br1w	1	0	1	0	0	
/m/021npv	0	0	1	0	0	
/m/0kvqv	0	0	1	0	0	
/m/03yf4d	1	0	1	0	0	
/m/01wgjj5	1	0	0	0	0	
/m/0259r0	1	0	0	0	0	
/m/0282x	0	0	1	0	0	
/m/02184q	0	0	1	0	0	
/m/03d_w3h	1	0	1	0	0	
/m/06449	1	0	0	0	0	
/m/05pq9	1	0	1	0	0	
/m/01kx_81	1	0	0	0	0	
/m/0415mzy	1	0	0	0	0	
/m/0hgqq	1	0	1	0	0	
/m/02wd48	1	0	1	0	0	
/m/07g7h2	0	0	1	0	0	
/m/04_by	0	0	1	0	1	
/m/034qt_	1	0	0	0	0	
/m/07y_r	0	0	1	0	0	
/m/01wt4wc	1	0	1	0	0	
/m/01nbq4	0	0	1	0	0	
/m/0132k4	1	0	0	0	0	
/m/01z9_x	1	0	0	0	0	
/m/04sd0	1	0	1	0	0	
/m/02nygk	1	0	1	0	0	
/m/01ws9n6	1	0	0	0	0	
/m/01p6xx	0	0	1	0	0	
/m/01jllg1	1	0	1	0	0	
/m/01817f	1	0	0	0	0	
/m/07ym0	0	0	1	0	0	
/m/0b_dy	1	0	1	0	0	
/m/04wqr	1	0	0	0	0	
/m/06_6j3	1	0	0	0	0	
/m/018swb	1	0	1	0	0	
/m/013knm	1	0	0	0	0	
/m/05mxw33	1	0	0	0	0	
/m/0459z	1	0	0	0	0	
/m/013pk3	1	0	1	0	0	
/m/01tszq	1	0	1	0	0	
/m/01nsyf	1	0	0	0	0	
/m/01t110	1	0	0	0	0	
/m/04k25	0	0	1	0	0	
/m/0q59y	0	0	1	0	0	
/m/0c3dzk	1	0	0	0	0	
/m/01rw116	1	0	0	0	0	
/m/0dszr0	0	0	1	0	0	
/m/015wc0	1	0	0	0	0	
/m/01vxlbm	1	0	1	0	0	
/m/0gyx4	0	0	1	0	0	
/m/03v1xb	0	0	1	0	0	
/m/01vxqyl	1	0	0	0	0	
/m/033rq	1	0	1	0	0	
/m/0bbxd3	0	0	1	0	0	
/m/02404v	1	0	0	0	0	
/m/01w03jv	1	0	0	0	1	
/m/01yzhn	1	0	0	0	0	
/m/011lpr	1	0	1	0	0	
/m/0b66qd	0	0	1	0	0	
/m/05683p	1	0	0	0	0	
/m/01h910	1	0	0	0	0	
/m/01j5ts	0	0	1	0	0	
/m/01dpsv	1	0	0	0	0	
/m/02v49c	0	0	1	0	0	
/m/05yjhm	0	0	1	0	0	
/m/0klw	1	0	1	1	0	
/m/013tcv	0	0	1	0	0	
/m/08_83x	1	0	0	0	0	
/m/0c00lh	0	0	1	0	0	
/m/09mq4m	1	0	0	0	0	
/m/03hzkq	0	0	1	0	0	
/m/0btxr	1	0	0	0	0	
/m/0gl88b	1	0	0	0	0	
/m/01z0lb	1	0	1	0	0	
/m/02lf1j	0	0	1	0	0	
/m/02cyfz	1	0	0	0	0	
/m/026v_78	1	0	0	0	0	
/m/0btj0	0	0	1	0	0	
/m/01vx5w7	1	0	0	0	0	
/m/011zwl	0	0	0	0	1	
/m/06wvfq	0	0	0	0	1	
/m/0k1wz	1	0	0	0	0	
/m/03zyvw	1	0	0	0	0	
/m/03cd1q	1	0	0	0	0	
/m/02_t2t	1	0	0	0	0	
/m/08xwck	0	0	1	0	0	
/m/01mz9lt	1	0	0	0	0	
/m/0p50v	0	0	1	0	0	
/m/02sdx	0	0	0	1	0	
/m/01rzxl	1	0	1	0	0	
/m/031v3p	0	0	1	0	0	
/m/01qr1_	1	0	0	0	0	
/m/07sgfsl	1	0	0	0	0	
/m/0162c8	0	0	1	0	0	
/m/0k4gf	1	0	0	0	0	
/m/04n65n	1	0	0	0	0	
/m/01l47f5	1	0	0	0	0	
/m/039xcr	0	0	1	0	0	
/m/07r_dg	1	0	0	0	0	
/m/04wtx1	0	0	1	0	0	
/m/07h1q	1	0	1	1	1	
/m/03bxsw	0	0	1	0	0	
/m/015wnl	0	0	1	0	0	
/m/016hvl	1	0	1	1	1	
/m/0f4vbz	0	0	1	0	0	
/m/013423	1	0	0	0	0	
/m/019pkm	0	0	1	0	0	
/m/037lyl	1	0	0	0	0	
/m/0603qp	0	0	1	0	0	
/m/01s21dg	1	0	0	0	0	
/m/0j5b8	0	0	0	1	1	
/m/04093	0	0	1	0	0	
/m/05y7hc	1	0	0	0	0	
/m/04qt29	1	0	0	0	0	
/m/04yt7	1	0	1	0	0	
/m/03rgvr	1	0	0	0	0	
/m/06mn7	1	0	1	0	0	
/m/01wbgdv	1	0	0	0	0	
/m/02k76g	0	0	1	0	0	
/m/01s1zk	1	0	0	0	0	
/m/0gs6vr	1	0	0	0	0	
/m/099bk	0	0	1	0	0	
/m/0c4qzm	1	0	0	0	0	
/m/017yxq	1	0	1	0	0	
/m/01pr6q7	1	0	0	0	0	
/m/03wh8pq	0	0	1	0	0	
/m/0h7dd	1	0	0	0	0	
/m/01fxfk	0	0	1	0	0	
/m/0c7ct	1	0	0	0	0	
/m/0237jb	0	0	1	0	0	
/m/09ftwr	0	0	1	0	0	
/m/0dbbz	0	0	1	0	1	
/m/06whf	1	0	1	0	0	
/m/0379s	0	0	1	0	0	
/m/05cj4r	0	0	1	0	0	
/m/017yfz	1	0	1	0	0	
/m/07rd7	1	0	1	0	0	
/m/09gnn	0	0	1	1	1	
/m/0dpqk	1	0	1	0	0	
/m/01fkxr	1	0	0	0	0	
/m/014g22	1	0	0	0	0	
/m/0pj9t	1	0	0	0	0	
/m/01w1kyf	1	0	1	0	0	
/m/02g0rb	1	0	0	0	0	
/m/0210f1	1	0	1	0	0	
/m/0d9xq	1	0	0	0	0	
/m/01nr36	0	0	1	0	0	
/m/03f4xvm	1	0	1	0	0	
/m/0356dp	0	0	1	0	0	
/m/0cc63l	0	0	1	0	0	
/m/01g4bk	1	0	1	0	0	
/m/02my3z	1	0	1	0	0	
/m/0c73z	1	0	0	0	0	
/m/01n1gc	1	0	1	0	0	
/m/016s_5	1	0	0	0	0	
/m/034bgm	0	0	1	0	0	
/m/015mrk	1	0	0	0	0	
/m/01nrgq	0	0	1	0	0	
/m/01tzm9	1	0	1	0	0	
/m/032v0v	0	0	1	0	0	
/m/024y6w	1	0	0	0	0	
/m/06g4l	0	0	1	0	0	
/m/08664q	0	0	1	0	0	
/m/03q45x	0	0	1	0	0	
/m/02r0st6	1	0	0	0	0	
/m/0473q	1	0	0	0	0	
/m/070bjw	1	0	0	0	0	
/m/02p2zq	1	0	0	0	0	
/m/06mnps	0	0	1	0	0	
/m/0180w8	1	0	0	0	0	
/m/0bkg4	1	0	1	1	0	
/m/01wz_ml	1	0	0	0	0	
/m/0cmpn	0	0	0	0	1	
/m/049m19	1	0	0	0	0	
/m/01m65sp	1	0	1	0	0	
/m/01wgcvn	1	0	0	0	0	
/m/01cqz5	0	0	0	0	1	
/m/086qd	1	0	0	0	0	
/m/0gry51	0	0	1	0	0	
/m/06s1qy	0	0	1	0	0	
/m/020hh3	1	0	0	0	0	
/m/08z39v	1	0	0	0	0	
/m/01mvjl0	1	0	0	0	0	
/m/01p4r3	0	0	0	0	1	
/m/01nrz4	1	0	0	0	0	
/m/01vsn38	1	0	1	0	0	
/m/0ggjt	1	0	0	0	0	
/m/0n00	0	0	0	1	0	
/m/027vps	0	0	1	0	0	
/m/02ck1	1	0	1	0	1	
/m/01pfkw	1	0	1	0	0	
/m/0dfjb8	0	0	1	0	0	
/m/016jll	1	0	1	0	0	
/m/03swmf	0	0	1	0	0	
/m/04yj5z	1	0	1	0	0	
/m/016ypb	0	0	1	0	0	
/m/0161h5	1	0	1	0	0	
/m/0pyww	1	0	0	0	0	
/m/02b25y	1	0	0	0	0	
/m/015xp4	1	0	0	0	0	
/m/01v9l67	1	0	0	0	0	
/m/04h07s	0	0	1	0	0	
/m/048q6x	1	0	0	0	0	
/m/030pr	0	0	1	0	0	
/m/055sjw	0	0	1	1	0	
/m/06y9bd	0	0	1	0	0	
/m/0h1m9	1	0	1	0	0	
/m/0151ns	1	0	0	0	0	
/m/095p3z	1	0	0	0	0	
/m/01z0rcq	0	0	1	0	0	
/m/068g3p	0	0	1	0	0	
/m/03lt8g	0	0	1	0	0	
/m/0h25	0	0	1	1	0	
/m/04fcx7	0	0	1	0	0	
/m/014g_s	1	0	0	0	0	
/m/048hf	0	0	1	0	0	
/m/0168ql	0	0	1	0	0	
/m/01vvyd8	1	0	0	0	0	
/m/0gd5z	0	0	1	0	0	
/m/01p85y	0	0	1	0	0	
/m/02r4qs	1	0	1	0	0	
/m/080r3	1	0	1	1	0	
/m/019f2f	0	0	1	0	0	
/m/033jkj	1	0	0	0	0	
/m/02g0mx	1	0	0	0	0	
/m/03jg5t	1	0	1	0	0	
/m/0dck27	1	0	0	0	0	
/m/03_0p	1	0	0	0	0	
/m/012vct	1	0	1	0	0	
/m/049k07	1	0	1	0	0	
/m/01hxs4	0	0	1	0	0	
/m/0bt23	0	0	1	0	1	
/m/02c_wc	0	1	0	0	0	
/m/0164w8	1	0	1	0	0	
/m/026m0	0	0	1	0	0	
/m/01v40wd	1	0	1	0	0	
/m/0f7h2g	1	0	1	0	0	
/m/05rx__	0	0	1	0	0	
/m/01dhjz	1	0	0	0	0	
/m/02pv_d	0	0	1	0	0	
/m/018phr	1	0	0	0	0	
/m/025b3k	0	0	1	0	0	
/m/01s7ns	1	0	0	0	0	
/m/0152cw	1	0	1	0	0	
/m/01f2q5	1	0	0	0	0	
/m/0150t6	1	0	0	0	0	
/m/0g7k2g	1	0	1	0	0	
/m/040db	0	0	1	0	0	
/m/01lz4tf	1	0	1	0	0	
/m/0djtky	1	0	1	0	0	
/m/02r5w9	0	0	1	0	0	
/m/08q3s0	0	0	1	0	0	
/m/070m12	0	0	1	0	0	
/m/04gcd1	0	0	1	0	0	
/m/0nk72	0	0	1	1	0	
/m/02f2dn	0	0	1	0	0	
/m/0n8bn	1	0	1	0	0	
/m/01kwlwp	1	0	0	0	0	
/m/01b9ck	0	0	1	0	0	
/m/02pp_q_	0	0	1	0	0	
/m/01v_pj6	1	0	0	0	0	
/m/02fn5r	1	0	0	0	0	
/m/07yw6t	0	0	0	0	1	
/m/06vdh8	1	0	0	0	0	
/m/06gn7r	0	0	1	0	0	
/m/01c8v0	1	0	0	0	0	
/m/03w1v2	1	0	0	0	0	
/m/021yzs	0	0	1	0	0	
/m/022q32	1	0	1	0	0	
/m/01900g	0	0	1	0	0	
/m/02_wxh	0	0	1	0	0	
/m/051z6rz	1	0	1	0	0	
/m/05qhnq	1	0	0	0	0	
/m/0g_g2	1	0	0	0	0	
/m/01wqpnm	1	0	0	0	0	
/m/05_zc7	0	0	1	0	1	
/m/022411	0	0	1	0	0	
/m/012s5j	1	0	0	0	0	
/m/01pbs9w	1	0	0	0	0	
/m/01lbp	1	0	0	0	0	
/m/03llf8	1	0	0	0	0	
/m/02w4fkq	1	0	0	0	0	
/m/01w61th	1	0	0	0	0	
/m/03j43	0	0	1	1	0	
/m/074qgb	0	0	1	0	0	
/m/0gs5q	0	0	1	0	1	
/m/0c3kw	0	0	1	0	0	
/m/0205dx	1	0	0	0	1	
/m/030h95	1	0	1	0	0	
/m/07djnx	1	0	0	0	0	
/m/01dwrc	1	0	0	0	0	
/m/0flddp	1	0	1	0	0	
/m/0bwh6	1	0	1	0	1	
/m/09wlpl	0	0	1	0	0	
/m/0ky1	0	0	1	0	1	
/m/0kft	0	0	1	0	0	
/m/05fyss	0	0	1	0	0	
/m/087qxp	0	0	1	0	0	
/m/06q5t7	1	0	1	0	0	
/m/02ghq	0	0	1	0	0	
/m/01wj5hp	1	0	0	0	0	
/m/07s9tsr	1	0	0	0	0	
/m/0jbyg	1	0	1	0	0	
/m/038rzr	1	0	0	0	0	
/m/05l0j5	0	0	1	0	0	
/m/0h32q	0	0	1	0	1	
/m/03ldxq	0	0	1	0	0	
/m/0dg3jz	1	0	0	0	0	
/m/05_2h8	1	0	0	0	0	
/m/02r3cn	1	0	0	0	0	
/m/01mskc3	1	0	0	0	0	
/m/01sfmyk	1	0	1	0	0	
/m/01qq_lp	1	0	1	0	0	
/m/03wdsbz	0	0	1	0	0	
/m/0grwj	0	0	1	0	0	
/m/060pl5	1	0	1	0	0	
/m/024yxd	1	0	1	0	0	
/m/011hdn	1	0	0	0	0	
/m/05nqq3	1	0	0	0	0	
/m/02lxj_	1	0	0	0	0	
/m/03mstc	1	0	1	0	0	
/m/01vrncs	1	0	1	0	0	
/m/04dqdk	1	0	1	0	0	
/m/04bpm6	1	0	0	0	0	
/m/02y49	1	0	1	0	0	
/m/04f62k	1	0	0	0	0	
/m/01gv_f	1	0	0	0	0	
/m/03k545	0	0	1	0	0	
/m/02wb6d	1	0	0	0	0	
/m/05dxl5	1	0	0	0	0	
/m/01k_r5b	1	0	0	0	0	
/m/01_fjr	0	0	0	0	1	
/m/0b25vg	1	0	0	0	0	
/m/040dv	0	0	1	0	1	
/m/03vgp7	1	0	0	0	0	
/m/0b2_xp	0	0	1	0	0	
/m/059y0	0	0	0	1	0	
/m/01vsy3q	1	0	0	0	0	
/m/025tdwc	1	0	1	0	1	
/m/01x1cn2	1	0	1	0	0	
/m/043gj	1	0	0	0	0	
/m/08w6v_	0	0	1	0	0	
/m/03kbb8	0	0	1	0	0	
/m/02cx90	1	0	0	0	0	
/m/0309jm	0	0	1	0	0	
/m/048xh	1	0	0	0	0	
/m/01r_t_	0	0	1	0	0	
/m/0170pk	0	0	1	0	0	
/m/0c7t58	0	0	1	0	0	
/m/0h953	1	0	0	0	0	
/m/01hrqc	1	0	1	0	0	
/m/057xn_m	1	0	0	0	0	
/m/01vn35l	1	0	0	0	0	
/m/01h5f8	1	0	0	0	0	
/m/01vh096	1	1	1	0	1	
/m/0k60	1	0	0	0	0	
/m/094xh	1	0	0	0	0	
/m/01vrlqd	1	0	1	0	0	
/m/018z_c	0	0	1	0	0	
/m/021r7r	1	0	0	0	0	
/m/03sww	1	0	1	0	0	
/m/0c_md_	0	1	0	0	1	
/m/0130sy	1	0	0	0	0	
/m/01ww_vs	1	0	0	0	0	
/m/04lg6	1	0	1	1	0	
/m/01vdrw	0	0	1	0	0	
/m/08304	1	0	1	0	1	
/m/0cqcgj	1	0	0	0	0	
/m/01ps2h8	1	0	1	0	0	
/m/0835q	0	1	0	0	1	
/m/03m2fg	1	0	0	0	1	
/m/0478__m	1	0	1	0	0	
/m/01wg982	1	0	1	0	0	
/m/0gls4q_	0	0	1	0	0	
/m/01wgfp6	1	0	0	0	0	
/m/01nglk	0	0	1	0	0	
/m/0b0pf	0	0	1	0	0	
/m/05w1vf	1	0	1	0	0	
/m/01w5gg6	1	0	1	0	1	
/m/02j8nx	0	0	1	0	0	
/m/0bqsy	1	0	0	0	0	
/m/02tq2r	1	0	0	0	0	
/m/034np8	1	0	0	0	0	
/m/01q4qv	0	0	1	0	0	
/m/03t852	1	0	0	0	0	
/m/0l6qt	0	0	1	0	0	
/m/02hblj	0	0	1	0	0	
/m/0sw6g	0	0	1	0	0	
/m/0d5_f	1	0	1	0	1	
/m/06gcn	1	0	0	0	0	
/m/015p37	1	0	1	0	0	
/m/067xw	0	0	1	0	0	
/m/02tc5y	1	0	0	0	0	
/m/01vs4f3	1	0	0	0	0	
/m/0164r9	0	0	1	0	0	
/m/01l7cxq	1	0	0	0	0	
/m/0969fd	1	0	1	1	0	
/m/02_l96	0	0	1	0	0	
/m/016_mj	0	0	1	0	0	
/m/04vzv4	1	0	0	0	0	
/m/063vn	0	1	1	0	1	
/m/03p9hl	0	0	1	0	0	
/m/02qx1m2	0	0	1	0	0	
/m/07fpm3	0	0	1	0	0	
/m/07g2b	0	0	1	0	0	
/m/0jrqq	1	0	1	0	0	
/m/01swck	0	0	1	0	0	
/m/03kpvp	0	0	1	0	0	
/m/03dctt	0	0	1	0	0	
/m/0448r	0	0	1	1	0	
/m/0169dl	0	0	1	0	0	
/m/07mkj0	1	0	0	0	0	
/m/01rgcg	0	0	1	0	0	
/m/013cr	0	0	1	0	0	
/m/0dx97	0	0	0	1	1	
/m/0171lb	0	0	1	0	0	
/m/0bk4s	0	0	0	0	1	
/m/012_53	1	0	1	0	0	
/m/03_dj	1	0	1	0	1	
/m/01rgr	0	0	1	0	0	
/m/0509bl	1	0	0	0	0	
/m/026lj	0	0	1	1	0	
/m/014nvr	0	0	1	0	0	
/m/09f5pp	0	0	1	0	0	
/m/0q9t7	1	0	1	0	0	
/m/0c73g	1	0	1	0	0	
/m/0338g8	0	0	1	0	0	
/m/05_k56	0	0	1	0	0	
/m/03fykz	0	0	1	0	0	
/m/08t7nz	1	0	0	0	0	
/m/03thw4	0	0	1	0	0	
/m/0hpz8	1	0	0	0	0	
/m/01pcz9	0	0	1	0	0	
/m/01q3_2	1	0	0	0	0	
/m/04n_g	1	0	0	0	0	
/m/0brkwj	0	0	1	0	0	
/m/04jvt	0	1	1	1	1	
/m/01nd6v	0	0	1	0	0	
/m/08hsww	0	0	1	0	0	
/m/0cdf37	1	0	0	0	0	
/m/019r_1	0	0	1	0	0	
/m/02f1c	1	0	1	0	0	
/m/01s0l0	1	0	0	0	0	
/m/01sxq9	1	0	0	0	0	
/m/016jfw	1	0	0	0	0	
/m/01nc3rh	1	0	0	0	0	
/m/09myny	1	0	0	0	0	
/m/011zf2	1	0	0	0	0	
/m/0c3p7	1	0	1	0	0	
/m/042v2	0	0	1	0	0	
/m/0lsw9	1	0	0	0	0	
/m/02m7r	0	1	0	1	0	
/m/015q43	1	0	0	0	0	
/m/0c7xjb	1	0	0	0	0	
/m/02zyy4	1	0	1	0	0	
/m/01hgwkr	1	0	0	0	0	
/m/03f1zhf	1	0	1	0	0	
/m/05y5kf	0	0	1	0	0	
/m/0bs8d	0	0	1	0	0	
/m/07rzf	1	0	1	0	0	
/m/07zl1	0	0	1	1	0	
/m/04mx__	0	0	1	0	0	
/m/08p1gp	0	0	1	0	0	
/m/015cbq	1	0	0	0	0	
/m/05m883	0	0	1	0	0	
/m/02cw1m	1	0	0	0	0	
/m/019g40	1	0	0	0	0	
/m/03c_pqj	0	0	1	0	0	
/m/073bb	0	0	1	0	0	
/m/03f70xs	1	0	1	0	0	
/m/028d4v	1	0	1	0	0	
/m/026spg	1	0	1	0	0	
/m/01jpmpv	1	0	0	0	0	
/m/09p06	0	0	1	0	0	
/m/08nz99	0	0	1	0	0	
/m/01lqf49	1	0	1	0	0	
/m/04mn81	1	0	0	0	0	
/m/01w8sf	0	0	1	0	0	
/m/02gyl0	1	0	0	0	1	
/m/0gv2r	0	0	1	0	0	
/m/06lhbl	1	0	0	0	0	
/m/047cqr	1	0	1	0	0	
/m/0dr5y	1	0	1	0	0	
/m/03vrv9	0	0	1	0	0	
/m/01q9b9	1	0	1	0	0	
/m/0465_	0	0	1	0	0	
/m/02qfhb	1	0	1	0	0	
/m/02zrv7	1	0	1	0	0	
/m/031c2r	1	0	0	0	0	
/m/01kp_1t	1	0	0	0	0	
/m/07y8l9	1	0	0	0	0	
/m/05cqhl	0	0	1	0	0	
/m/01mv_n	1	0	0	0	0	
/m/05cv8	0	0	1	0	0	
/m/02t_v1	0	0	1	0	0	
/m/0739z6	1	0	0	0	0	
/m/07lt7b	1	0	0	1	0	
/m/01ycfv	1	0	1	0	0	
/m/01whg97	1	0	0	0	0	
/m/01wsl7c	1	0	0	0	0	
/m/02114t	1	0	0	0	0	
/m/01r9fv	1	0	0	0	0	
/m/028k57	1	0	1	0	0	
/m/02vntj	1	0	0	0	0	
/m/01c58j	1	0	1	0	0	
/m/04v048	0	0	1	0	0	
/m/01gn36	0	0	1	0	0	
/m/01wbl_r	1	0	0	0	0	
/m/01w524f	1	0	1	0	0	
/m/012vf6	0	0	1	0	0	
/m/02h48	1	0	0	0	0	
/m/03cfjg	1	0	0	0	0	
/m/02f93t	0	0	1	0	0	
/m/016732	1	0	1	0	0	
/m/07kb5	0	0	1	0	0	
/m/0hskw	0	0	1	0	0	
/m/063_t	1	0	0	0	0	
/m/04vrxh	1	0	0	0	0	
/m/024dw0	1	0	0	0	0	
/m/04bs3j	1	0	1	0	0	
/m/0chrwb	0	0	1	0	0	
/m/0dzkq	0	0	1	1	0	
/m/02r34n	0	0	1	0	0	
/m/025mb_	1	0	1	0	0	
/m/0412f5y	1	0	0	0	0	
/m/03_nq	0	1	0	0	1	
/m/0bdxs5	1	0	0	0	0	
/m/03tf_h	0	0	1	0	0	
/m/01wz3cx	1	0	1	0	0	
/m/02q3bb	1	0	0	0	0	
/m/01t2h2	1	0	1	0	0	
/m/023mdt	0	0	1	0	0	
/m/09gffmz	0	0	1	0	0	
/m/02wk4d	1	0	0	0	0	
/m/07z542	1	0	0	0	0	
/m/04g9sq	1	0	0	0	0	
/m/03j90	0	0	1	0	0	
/m/01wl38s	1	0	1	0	0	
/m/06crng	1	0	1	0	0	
/m/01mxt_	1	0	0	0	0	
/m/011vx3	1	0	0	0	1	
/m/0jn5l	1	0	0	0	0	
/m/07f3xb	0	0	1	0	0	
/m/04rs03	0	0	1	0	0	
/m/01fyzy	0	0	1	0	0	
/m/0d_84	0	0	1	0	0	
/m/02lk95	1	0	0	0	0	
/m/04cl1	0	0	1	0	0	
/m/015np0	0	0	1	0	0	
/m/0127m7	1	0	0	0	0	
/m/01nz1q6	1	0	0	0	0	
/m/037d35	0	0	1	0	0	
/m/0lzkm	1	0	0	0	0	
/m/0djywgn	1	0	1	0	0	
/m/081k8	0	0	1	0	0	
/m/030s5g	0	0	1	0	0	
/m/0h1mt	1	0	1	0	1	
/m/0143wl	0	0	1	0	0	
/m/01_f_5	0	0	1	0	0	
/m/06ltr	0	0	1	0	0	
/m/07zft	1	0	0	0	0	
/m/04qr6d	1	0	1	0	0	
/m/030vmc	0	0	1	0	0	
/m/01jgpsh	1	0	1	0	0	
/m/0h336	0	0	1	0	0	
/m/044mm6	1	0	0	0	0	
/m/07bty	0	0	0	1	0	
/m/0306bt	1	0	0	0	0	
/m/01yk13	0	0	1	0	0	
/m/015lhm	1	0	1	0	0	
/m/018x3	1	0	0	0	0	
/m/02dlfh	0	0	1	0	0	
/m/0hr3g	1	0	1	0	0	
/m/04qsdh	0	0	1	0	0	
/m/0ckcvk	1	0	0	0	0	
/m/0jsw9l	1	0	0	0	0	
/m/0bw87	1	0	1	0	0	
/m/06m6z6	0	0	1	0	0	
/m/09byk	1	0	0	0	0	
/m/03dbww	1	0	0	0	0	
/m/025ldg	1	0	1	0	0	
/m/0d4jl	1	0	1	1	0	
/m/0177s6	0	0	1	0	0	
/m/01s7qqw	1	0	1	0	0	
/m/0h0wc	1	0	1	0	0	
/m/01xzb6	1	0	0	0	0	
/m/03_l8m	0	0	1	0	0	
/m/0cqt90	0	1	1	0	1	
/m/079hvk	1	0	1	0	0	
/m/01qnfc	1	0	0	0	0	
/m/0mj0c	0	0	1	1	0	
/m/05cljf	1	0	0	0	0	
/m/01f9mq	1	0	1	0	0	
/m/01vvb4m	1	0	0	0	0	
/m/03fwln	1	0	0	0	0	
/m/02cm2m	0	0	1	0	0	
/m/06z4wj	0	0	1	0	0	
/m/08959	0	1	0	0	1	
/m/035wq7	0	0	1	0	0	
/m/0yxl	1	0	1	0	0	
/m/018fq	0	0	1	0	0	
/m/024jwt	0	0	1	0	0	
/m/0js9s	0	0	1	0	0	
/m/0dvld	1	0	0	0	0	
/m/01v9724	0	0	1	0	0	
/m/06rq2l	0	0	1	0	0	
/m/06cl2w	0	0	1	0	0	
/m/023zsh	0	0	1	0	0	
/m/03_80b	0	0	1	0	0	
/m/01j590z	1	0	1	0	0	
/m/02g8h	0	0	1	0	0	
/m/01vz80y	1	0	1	0	0	
/m/0gdh5	1	0	1	0	0	
/m/02ldv0	1	0	0	0	0	
/m/026c1	1	0	1	0	0	
/m/03pmzt	1	0	1	0	0	
/m/06fc0b	1	0	0	0	0	
/m/0c33pl	0	0	1	0	0	
/m/02lvtb	1	0	0	0	0	
/m/017f4y	1	0	0	0	0	
/m/0jdhp	0	0	1	0	0	
/m/07jrjb	0	1	0	0	0	
/m/019l3m	0	0	1	0	0	
/m/04cr6qv	1	0	0	0	0	
/m/03cxsvl	1	0	1	0	0	
/m/05bxwh	0	0	1	0	0	
/m/082db	1	0	0	0	0	
/m/02vkvcz	1	0	0	0	0	
/m/036dyy	0	0	1	0	0	
/m/03flwk	0	0	1	0	0	
/m/027lfrs	0	0	1	0	0	
/m/02cgb8	1	0	0	0	0	
/m/01f7j9	0	0	1	0	0	
/m/02__94	0	0	1	0	0	
/m/02sjf5	1	0	0	0	0	
/m/02g1jh	1	0	0	0	0	
/m/0c31_	1	0	1	0	1	
/m/04r7jc	0	0	1	0	0	
/m/03k1vm	1	0	1	0	0	
/m/04mx7s	1	0	0	0	0	
/m/026sb55	1	0	0	0	0	
/m/04s04	1	0	1	0	0	
/m/048tgl	1	0	0	0	0	
/m/0q9vf	0	0	1	0	0	
/m/0136g9	0	0	1	0	0	
/m/0g72r	1	0	1	0	0	
/m/03kxdw	1	0	1	0	0	
/m/02vqpx8	0	0	1	0	0	
/m/06y8v	0	0	1	0	0	
/m/01wbz9	1	0	0	0	0	
/m/06mm1x	1	0	0	0	0	
/m/01vs4ff	1	0	0	0	1	
/m/01rddlc	1	0	0	0	0	
/m/0h53p1	0	0	1	0	0	
/m/0qf3p	1	0	0	0	0	
/m/03cl8lb	0	0	1	0	0	
/m/03ym1	1	0	1	0	0	
/m/0131kb	1	0	0	0	0	
/m/03t0k1	0	0	1	0	0	
/m/03rwng	0	0	1	0	0	
/m/01bpn	0	0	1	1	1	
/m/04n32	1	0	0	0	0	
/m/04fzk	1	0	0	0	0	
/m/03lmzl	1	0	1	0	0	
/m/06crk	1	0	1	1	0	
/m/02v0ff	0	0	1	0	0	
/m/064177	0	0	1	0	0	
/m/0ct9_	0	0	1	1	0	
/m/01r4hry	1	0	0	0	0	
/m/05g8ky	0	0	1	0	0	
/m/0df9z	0	0	0	0	1	
/m/028hc2	1	0	0	0	0	
/m/09bxq9	1	0	0	0	0	
/m/02qssrm	0	0	1	0	0	
/m/0cgzj	0	0	1	0	0	
/m/0261g5l	0	0	1	0	0	
/m/01f6zc	0	0	1	0	0	
/m/09dt7	0	0	1	0	0	
/m/066l3y	0	0	1	0	0	
/m/01vv126	1	0	0	0	0	
/m/04flrx	1	0	0	0	0	
/m/023slg	1	0	0	0	0	
/m/01my4f	0	0	1	0	0	
/m/03jldb	1	0	1	0	0	
/m/05sq20	1	0	0	0	0	
/m/0hwqz	0	0	1	0	0	
/m/01wy61y	1	0	0	0	0	
/m/05wjnt	1	0	1	0	0	
/m/023kzp	0	0	1	0	0	
/m/014cw2	1	0	1	0	1	
/m/06c44	1	0	1	0	0	
/m/01vsy7t	1	0	0	0	0	
/m/025jj7	1	0	0	0	0	
/m/014dq7	0	0	1	0	0	
/m/070yzk	0	0	1	0	0	
/m/02zjd	0	0	1	0	0	
/m/03qhyn8	0	0	1	0	0	
/m/084w8	0	0	1	0	0	
/m/03bxh	1	0	0	0	0	
/m/03v3xp	1	0	0	0	0	
/m/022_lg	0	0	1	0	0	
/m/01c7qd	1	0	1	0	0	
/m/0f1jhc	0	0	1	0	0	
/m/05dbf	1	0	0	0	0	
/m/03lgg	1	0	1	0	0	
/m/04hcw	0	0	1	1	0	
/m/02x8kk	1	0	0	0	0	
/m/06jcc	1	0	1	0	0	
/m/0197tq	1	0	0	0	0	
/m/030155	1	0	0	0	0	
/m/08pth9	1	0	0	0	0	
/m/018grr	0	0	1	0	0	
/m/0159h6	0	0	1	0	0	
/m/019_1h	0	0	1	0	0	
/m/05x8n	1	0	1	1	0	
/m/01wk7ql	1	0	0	0	0	
/m/095x_	1	0	0	0	0	
/m/0c12h	0	0	1	0	0	
/m/026n9h3	0	0	1	0	0	
/m/098n5	0	0	1	0	0	
/m/03q3sy	1	0	1	0	0	
/m/01vrx3g	1	0	1	0	0	
/m/01yb09	0	0	1	0	0	
/m/03gkn5	0	1	1	0	1	
/m/0f_y9	1	0	1	0	0	
/m/0ds2sb	1	0	1	0	0	
/m/01p7yb	1	0	0	0	0	
/m/02wycg2	0	0	1	0	0	
/m/04hw4b	1	0	1	0	0	
/m/042xh	0	0	1	0	1	
/m/02784z	0	0	1	0	0	
/m/03xpf_7	1	0	1	0	0	
/m/0cgbf	0	0	1	0	0	
/m/0chsq	0	0	1	0	0	
/m/03cbtlj	0	0	1	0	0	
/m/0147jt	1	0	1	0	0	
/m/04vt98	0	0	1	0	0	
/m/0126rp	1	0	0	0	1	
/m/0b68vs	1	0	0	0	0	
/m/02yplc	0	0	1	0	0	
/m/0127s7	1	0	1	0	0	
/m/07v4dm	1	0	0	0	0	
/m/033071	0	1	1	0	0	
/m/02v3yy	1	0	1	0	0	
/m/02c4s	0	0	0	0	1	
/m/030tjk	0	0	1	0	0	
/m/06c0j	0	1	1	0	1	
/m/03h3vtz	1	0	0	0	0	
/m/0n839	0	0	1	0	0	
/m/0dtd6	1	0	0	0	0	
/m/06nns1	0	0	1	0	0	
/m/0jsg0m	1	0	1	0	0	
/m/0bdt8	0	0	1	0	0	
/m/0fhxv	1	0	0	0	0	
/m/04411	0	0	1	1	1	
/m/02jq1	1	0	0	0	0	
/m/07s6prs	1	0	0	0	0	
/m/04cw0n4	1	0	0	0	0	
/m/0783m_	1	0	0	0	0	
/m/07ymr5	1	0	1	0	0	
/m/06jvj7	0	0	1	0	0	
/m/02p21g	1	0	0	0	0	
/m/0gy6z9	1	0	0	0	0	
/m/0127gn	1	0	0	0	0	
/m/02bh9	1	0	0	0	0	
/m/033jj1	1	0	0	0	0	
/m/011s9r	1	0	0	0	0	
/m/01_vfy	1	0	1	0	0	
/m/02p68d	1	0	0	0	0	
/m/02fgp0	1	0	1	0	0	
/m/02wk_43	0	0	1	0	0	
/m/03h4mp	1	0	0	0	0	
/m/025xt8y	1	0	0	0	0	
/m/013v5j	1	0	1	0	0	
/m/040z9	1	0	0	0	0	
/m/016ntp	1	0	0	0	0	
/m/018n6m	1	0	1	0	0	
/m/037jz	0	0	1	0	0	
/m/04kwbt	0	0	1	0	0	
/m/09z1lg	1	0	0	0	0	
/m/040_t	0	0	1	0	0	
/m/01m15br	1	0	0	0	0	
/m/018pj3	1	0	1	0	0	
/m/06t8b	1	0	1	0	0	
/m/01vvydl	1	0	0	0	0	
/m/047g6	0	0	1	1	0	
/m/01jfnvd	1	0	0	0	0	
/m/01963w	1	0	1	0	0	
/m/01g969	0	0	1	0	0	
/m/02zj61	1	0	1	0	0	
/m/0sz28	0	0	1	0	0	
/m/026n6cs	0	0	1	0	0	
/m/01g23m	1	0	0	0	0	
/m/02rxbmt	1	0	1	0	0	
/m/02lt8	0	0	1	0	0	
/m/0k_mt	1	0	1	0	0	
/m/0bksh	0	0	1	0	0	
/m/0b7t3p	0	0	1	0	0	
/m/049468	0	0	0	0	1	
/m/01tnbn	0	0	1	0	0	
/m/039bpc	1	0	0	0	0	
/m/027ht3n	1	0	0	0	0	
/m/02d6cy	0	0	1	0	0	
/m/0h1nt	1	0	0	0	0	
/m/0flw6	1	0	0	0	0	
/m/03193l	1	0	0	0	0	
/m/01vzx45	1	0	0	0	0	
/m/0b57p6	0	0	1	0	0	
/m/06kkgw	1	0	0	0	0	
/m/0133sq	1	0	1	0	0	
/m/05h7tk	1	0	1	0	0	
/m/01tj34	1	0	0	0	0	
/m/0bw8r	0	0	0	0	1	
/m/034ks	0	0	1	1	0	
/m/03xmy1	1	0	0	0	0	
/m/06g2d1	1	0	0	0	0	
/m/01yznp	1	0	1	0	0	
/m/01w_10	0	0	1	0	0	
/m/02465	1	0	1	0	0	
/m/01j851	1	0	0	0	0	
/m/04xrx	1	0	0	0	0	
/m/07d370	1	0	1	0	0	
/m/033_1p	1	0	0	0	0	
/m/0ddkf	1	0	0	0	0	
/m/04yywz	0	0	1	0	0	
/m/02_j7t	0	0	1	0	0	
/m/012ky3	1	0	1	0	0	
/m/01vsqvs	1	0	0	0	0	
/m/03m6t5	0	0	1	0	0	
/m/08hp53	0	0	1	0	0	
/m/05sj55	0	0	1	0	0	
